62,64,58,45,20,17,25,41,51,57,57,58,60,62,62,58,60,61,60,57,58,57,58,56,55,55,55,56,56,58,63,60,62,66,65,67,66,64,66,70,62,63,70,67,62,62,61,63,62,61,62,59,56,55,54,55,51,44,43,45,40,42,49,58,69,72,73,75,79,77,78,76,69,66,66,58,58,58,55,50,43,45,52,59,59,60,58,60,61,67,65,64,69,70,67,71,73,73,75,72,77,76,76,77,79,76,74,73,77,78,74,75,75,74,76,75,77,76,76,79,80,83,81,81,80,76,75,75
61,65,60,31,18,16,30,42,50,58,56,59,58,63,61,60,57,58,60,58,59,59,61,56,56,56,56,56,56,60,63,59,63,62,68,69,63,66,67,68,64,62,66,66,65,61,63,65,63,63,61,59,56,57,55,54,52,45,46,43,39,41,48,56,62,69,74,77,81,78,79,76,70,63,64,57,54,58,52,52,48,46,52,55,54,58,61,60,59,64,63,64,65,68,70,71,76,74,77,73,77,77,77,78,78,78,75,74,75,76,76,76,74,76,74,75,76,76,77,77,78,80,83,85,84,85,80,79
58,63,57,26,19,19,30,48,51,58,59,60,60,59,57,61,59,59,60,56,58,58,58,58,55,55,54,55,58,59,61,62,62,63,66,66,65,63,68,66,66,65,66,66,63,62,63,63,65,61,60,61,55,56,55,55,52,46,44,45,40,40,51,55,61,70,76,76,79,77,76,77,69,65,60,59,54,57,56,54,49,45,51,54,57,58,58,64,56,61,65,63,66,69,68,71,76,75,76,73,78,78,82,78,77,77,73,71,73,77,73,76,74,76,73,74,77,77,75,78,78,77,78,75,77,82,85,88
59,58,56,26,17,17,36,43,54,57,58,57,60,59,60,59,58,60,62,61,58,58,56,56,54,54,55,55,59,59,63,59,61,65,67,65,65,65,66,68,70,67,67,66,62,61,62,64,59,61,61,54,56,54,57,54,54,45,42,46,42,38,45,57,63,68,73,80,76,74,76,75,71,65,62,61,59,56,56,54,53,46,50,51,52,55,54,56,59,59,63,66,66,68,69,71,72,74,74,71,76,80,80,80,78,75,74,71,74,76,74,76,77,75,74,73,74,75,72,74,77,79,77,76,75,76,78,84
57,59,48,21,17,17,36,44,53,59,57,57,60,62,61,59,54,59,60,59,57,54,58,54,57,52,54,54,58,55,61,61,61,63,65,62,63,63,65,68,69,67,68,68,61,62,60,60,62,61,59,57,55,50,55,53,53,46,45,42,41,38,45,58,61,65,71,77,77,76,73,72,69,63,61,61,56,53,55,54,56,51,53,51,57,58,60,60,60,60,65,66,66,66,68,71,71,73,74,72,76,75,80,81,80,76,74,71,71,76,76,78,76,73,77,73,71,74,74,74,76,81,76,79,72,76,71,77
60,58,42,17,16,19,39,50,56,56,56,55,60,60,60,58,54,58,58,58,58,56,53,54,50,54,55,53,54,56,62,58,65,63,63,66,63,65,64,64,65,66,68,62,66,62,61,63,61,58,58,59,54,54,51,54,51,46,45,40,42,39,41,58,57,67,70,77,78,74,76,75,69,64,57,58,56,54,58,59,63,115,72,50,54,56,58,60,60,61,64,63,66,68,70,69,71,74,73,77,74,75,76,78,78,78,75,73,71,75,77,77,73,71,73,74,71,74,74,72,74,76,75,76,66,71,69,74
60,53,30,16,15,25,43,48,54,58,59,59,61,61,60,62,60,58,56,58,58,54,55,47,54,55,52,55,55,54,61,59,62,65,70,65,63,66,66,68,68,66,64,65,63,61,60,62,58,61,59,55,53,53,55,54,54,45,43,40,42,36,40,55,61,66,69,72,79,74,72,72,68,68,62,56,56,54,55,57,135,206,207,52,52,53,55,59,61,61,61,65,67,68,70,69,71,73,73,72,74,75,75,78,80,77,73,71,73,74,77,77,74,72,73,71,70,69,72,72,73,74,76,75,69,70,68,71
60,53,25,16,17,27,44,52,53,58,58,57,58,59,59,61,58,59,56,57,60,56,54,52,51,50,52,53,55,58,60,60,59,63,68,66,66,64,66,67,68,64,64,62,61,62,60,58,59,57,58,57,52,53,53,51,52,45,43,38,40,39,38,53,60,70,69,71,74,76,70,70,69,65,57,54,54,54,56,65,193,203,203,58,56,56,54,56,57,63,62,63,67,68,68,69,74,71,71,72,73,73,74,77,80,78,75,71,73,73,77,75,74,72,76,75,73,69,71,70,69,70,72,74,72,71,70,71
57,50,21,15,17,31,45,49,52,56,57,55,58,59,58,61,55,55,56,57,56,56,55,51,51,48,52,51,52,56,56,61,58,63,69,67,68,66,66,68,65,63,65,62,61,60,59,58,56,58,59,57,51,54,52,51,51,45,42,40,40,38,36,46,60,71,71,72,72,71,70,71,66,62,57,55,49,51,55,102,192,197,200,59,56,56,53,55,56,61,64,64,65,68,68,68,71,71,68,71,73,72,74,77,78,77,74,71,73,71,74,73,76,75,73,72,79,72,71,69,68,71,70,71,70,67,67,67
54,41,17,16,17,39,47,51,56,56,58,55,58,60,57,60,56,54,55,54,58,58,54,52,46,50,51,52,55,57,55,61,58,63,65,69,70,68,66,68,63,61,61,61,61,59,60,59,56,58,55,57,52,55,54,50,51,46,39,38,40,38,36,40,54,71,75,76,72,71,71,71,66,63,59,55,53,48,54,171,188,195,202,68,55,53,54,55,56,58,63,63,67,68,67,70,66,70,69,69,73,73,74,77,79,79,76,72,71,73,76,77,76,74,73,70,73,78,76,71,69,68,71,68,68,67,65,69
57,36,16,14,18,40,49,53,60,60,54,59,56,60,56,58,54,55,56,53,54,55,52,51,48,49,53,50,55,54,55,59,59,68,69,69,70,64,65,66,63,63,61,62,58,61,58,58,59,58,57,57,55,51,53,49,52,46,40,38,42,38,40,38,50,65,73,73,75,75,71,65,63,62,54,52,53,47,58,175,187,193,205,121,53,56,52,53,56,57,59,65,63,65,66,69,67,68,73,69,69,72,75,74,74,78,77,71,72,73,72,76,76,71,72,69,69,74,79,76,72,68,69,65,66,63,63,65
52,31,17,17,27,45,48,53,58,61,58,57,57,57,55,56,54,56,54,55,54,52,52,54,49,48,51,50,56,55,54,56,62,68,70,72,67,62,58,63,62,62,62,64,58,61,58,58,59,59,56,57,53,52,52,51,52,46,38,41,39,40,38,36,51,66,71,71,73,75,71,66,61,59,56,54,51,47,86,179,185,190,204,156,54,54,53,52,55,58,58,59,65,65,68,71,69,71,71,71,68,73,74,74,76,77,75,68,71,74,74,73,72,69,71,67,68,71,76,81,81,74,70,65,66,66,63,65
53,20,17,17,28,46,48,51,53,57,57,54,54,54,54,57,58,53,55,58,56,54,48,49,49,50,52,50,51,55,57,60,66,67,71,72,66,62,61,61,63,61,60,60,59,61,57,59,59,54,55,55,52,52,48,51,49,46,40,38,40,38,40,37,49,66,69,70,73,73,71,70,67,60,55,48,49,46,136,180,185,187,199,201,58,56,56,55,56,57,56,56,59,65,71,71,71,69,72,72,73,69,75,76,73,73,79,69,68,72,73,73,73,69,71,66,68,72,72,79,81,82,76,70,62,65,63,65
48,18,17,15,32,46,50,50,52,54,56,54,54,54,54,58,56,52,53,57,55,56,51,53,47,50,51,50,51,51,55,59,65,70,69,71,65,61,61,61,62,62,61,59,59,58,57,56,58,55,57,55,51,52,48,49,50,47,40,40,38,38,40,34,47,61,69,71,70,69,69,69,70,59,56,52,50,52,159,180,184,187,196,202,60,59,56,55,58,57,54,61,61,63,69,69,71,68,71,75,74,65,72,75,76,75,81,72,66,71,72,72,76,73,71,71,70,72,72,76,78,84,83,78,72,66,65,65
43,14,16,16,36,46,49,52,52,54,57,57,55,54,58,56,60,54,54,54,55,54,50,51,47,47,48,49,51,52,54,58,59,65,70,69,65,63,62,62,61,58,60,59,59,59,56,57,55,57,54,57,52,52,51,53,53,46,40,40,37,38,43,41,50,58,67,69,69,68,69,70,68,64,56,55,54,54,161,175,183,184,190,203,68,55,53,53,58,57,54,59,58,60,65,68,71,71,72,69,72,68,68,72,77,72,78,74,71,74,74,76,77,76,74,66,69,72,72,71,74,80,80,83,80,74,67,65
37,12,16,17,40,45,50,53,53,54,56,57,54,58,57,54,56,54,52,55,54,54,51,50,47,48,48,50,52,52,51,54,57,61,64,61,65,62,63,60,60,59,58,57,57,57,55,56,53,55,55,54,50,51,51,49,48,47,40,38,38,38,42,38,46,59,66,68,65,66,67,67,65,63,58,59,53,55,159,172,179,182,188,199,167,55,56,55,55,55,52,57,58,59,61,66,71,69,69,71,71,72,75,66,71,72,73,72,69,71,72,72,73,73,73,70,66,66,71,72,72,80,80,83,85,83,76,69
28,15,14,24,41,43,52,52,52,51,54,52,54,56,56,56,54,52,54,55,56,56,50,51,50,48,50,51,51,54,53,56,56,57,61,59,62,61,63,60,63,61,59,59,58,57,54,55,53,53,54,51,48,48,49,49,47,48,43,38,38,38,43,38,47,61,68,68,65,65,68,63,60,59,61,57,51,54,157,170,175,181,188,192,192,54,55,56,54,53,56,56,59,59,61,63,67,67,71,72,71,71,75,74,69,71,72,69,68,68,67,69,73,69,71,69,68,66,72,70,72,78,77,82,83,86,85,80
19,14,12,26,42,49,49,54,52,54,53,54,54,56,54,57,54,54,54,55,54,54,50,50,51,47,48,48,50,50,53,56,55,57,62,61,63,61,58,58,62,61,55,55,57,54,54,55,51,51,53,53,51,48,47,47,46,48,45,38,38,37,40,38,46,58,66,69,69,64,63,64,62,58,61,58,49,55,156,164,173,182,187,188,197,58,54,55,56,53,55,56,60,62,61,61,64,67,70,71,72,72,69,72,72,71,72,69,66,70,69,71,71,66,70,69,68,68,66,69,71,73,76,76,85,86,86,82
17,12,14,33,43,49,51,54,52,55,55,51,54,58,54,55,54,51,53,55,54,52,52,50,47,50,51,51,50,51,53,55,57,56,61,58,59,62,58,56,59,59,59,57,55,53,54,59,53,51,51,51,48,48,49,46,46,47,44,37,32,36,39,40,48,58,63,68,70,63,61,65,60,59,60,59,53,58,152,161,169,178,183,186,195,87,53,54,55,49,49,50,55,60,57,60,64,65,67,71,72,72,71,74,75,73,71,69,68,68,68,66,68,68,69,69,68,68,69,71,71,74,76,74,78,80,86,87
14,14,14,38,46,51,52,52,52,54,52,54,57,58,55,55,52,54,54,58,55,55,54,49,50,48,51,47,48,49,48,56,59,56,58,58,56,57,58,58,58,59,55,55,56,54,54,57,55,55,55,54,51,50,45,45,41,47,44,40,34,37,38,39,51,58,63,63,69,65,63,62,61,56,59,56,58,58,149,157,164,170,176,183,192,166,54,55,57,54,54,51,54,55,56,64,66,64,61,66,68,70,72,74,75,77,77,73,71,70,68,71,65,65,68,66,66,66,68,68,69,74,72,72,75,73,81,83
11,10,16,43,45,48,51,53,54,53,53,56,57,57,56,52,55,51,54,54,56,53,53,48,51,51,52,49,51,48,50,53,58,56,64,57,58,55,55,57,58,56,58,54,57,55,55,53,56,57,57,57,51,51,47,45,40,46,43,40,34,36,36,40,51,59,60,59,65,68,65,61,60,55,56,56,56,63,143,156,158,159,171,183,188,180,54,55,54,55,53,53,53,54,57,63,67,69,61,64,65,69,72,71,70,74,77,74,72,70,73,73,69,65,63,60,64,64,65,69,69,72,69,70,71,69,74,78
11,12,23,42,48,51,50,54,54,54,56,54,54,56,56,54,52,51,52,55,54,54,52,50,51,49,48,47,54,50,50,49,58,59,65,60,58,54,54,57,55,56,56,55,55,55,54,56,60,93,126,72,56,51,47,47,43,46,45,44,36,38,35,42,50,61,62,63,65,68,66,63,62,57,55,54,54,56,137,155,154,158,171,183,188,186,56,54,52,53,53,53,53,54,55,60,64,69,61,65,65,65,72,71,67,69,74,72,73,71,71,72,74,73,69,60,57,64,63,68,66,72,71,70,70,69,70,78
10,12,27,42,48,51,51,53,54,54,54,52,58,57,56,56,50,48,50,54,56,53,53,51,50,51,48,47,51,51,49,49,58,55,62,60,53,57,56,57,57,57,55,54,54,54,54,55,80,211,220,222,167,57,52,46,47,46,44,43,38,36,33,40,51,59,60,62,65,68,67,60,58,57,57,57,54,52,126,148,155,158,167,177,189,191,60,53,51,54,55,52,54,54,55,59,64,66,63,62,65,62,69,72,71,65,67,67,66,71,68,65,71,67,68,66,65,66,64,62,65,68,69,72,71,72,70,73
11,11,29,41,48,50,53,53,50,53,56,54,56,54,58,54,54,49,49,54,54,51,47,48,48,48,48,47,48,50,50,49,54,55,57,57,53,55,54,53,54,56,54,55,54,54,54,60,182,200,207,213,217,213,73,49,48,46,43,43,40,36,33,40,52,59,62,63,65,66,65,62,59,58,55,55,52,54,93,147,157,156,163,170,183,195,88,53,52,54,55,55,57,59,56,62,67,69,68,66,65,64,63,71,72,66,67,62,64,65,65,60,65,63,62,63,62,66,62,66,64,66,68,69,68,71,73,74
11,12,33,39,48,50,52,52,52,51,56,52,53,52,54,56,55,50,48,51,50,48,47,49,48,50,49,50,51,51,51,50,53,55,58,56,55,54,56,54,53,55,55,54,54,51,53,61,183,190,195,201,199,209,218,87,47,46,43,43,42,34,32,42,51,57,65,63,63,64,69,63,59,56,56,55,53,53,69,145,154,154,160,166,181,198,175,53,50,51,53,52,54,60,55,61,64,66,67,66,66,68,66,68,70,68,65,65,65,68,65,64,63,61,58,61,59,64,58,63,62,70,70,66,68,70,70,73
15,16,38,43,50,50,53,53,54,54,53,50,52,54,54,56,55,51,50,52,55,52,45,47,48,48,48,50,49,52,51,48,49,53,55,57,56,56,54,54,54,58,54,51,53,53,54,63,173,177,181,187,190,197,208,219,96,48,47,42,42,34,32,42,50,58,63,62,59,57,64,66,61,57,57,55,53,53,58,140,151,155,160,162,179,195,198,57,51,51,50,51,54,57,56,59,65,63,64,68,66,66,63,65,71,76,68,63,61,68,66,65,61,59,62,60,63,63,59,61,59,66,66,69,63,65,68,70
10,20,40,45,46,50,52,54,52,52,51,52,54,52,52,52,48,50,48,52,54,52,48,46,46,45,51,49,46,51,50,50,50,55,54,54,56,55,54,53,56,56,55,53,53,53,55,61,159,165,165,172,176,186,196,203,217,166,50,46,41,37,30,42,51,58,61,59,63,55,62,64,60,59,56,54,48,51,56,134,153,156,155,166,178,187,204,69,51,47,48,52,51,57,54,56,63,61,65,66,62,67,65,63,68,71,72,64,66,66,65,69,62,61,64,61,63,65,61,61,60,60,60,63,69,60,62,65
10,27,45,46,49,50,53,54,54,54,52,54,52,50,52,52,54,48,47,53,53,48,50,48,43,43,47,46,51,51,51,51,50,55,53,55,54,53,55,55,53,51,54,54,55,53,51,54,141,150,153,163,168,176,183,189,205,221,189,55,43,39,33,42,51,54,56,61,61,58,59,63,60,56,55,53,51,48,51,105,149,155,158,166,174,184,204,182,53,50,48,50,48,54,54,57,59,64,67,65,66,67,66,67,69,68,69,66,62,61,64,65,61,59,56,55,59,62,56,53,54,56,54,58,63,58,57,57
8,31,44,47,50,52,53,49,51,49,50,52,51,52,51,54,52,51,49,49,50,50,50,49,47,43,46,46,46,51,50,48,51,54,54,57,54,54,55,55,53,53,54,50,54,53,51,52,87,138,143,155,160,171,174,179,193,204,217,212,60,40,33,44,53,54,57,58,61,62,56,60,61,61,55,54,48,45,48,67,146,154,159,166,174,184,198,205,65,52,50,47,51,52,54,58,57,62,64,65,63,67,67,65,64,67,66,66,64,61,68,66,64,59,56,55,56,58,58,53,52,50,53,52,61,63,58,54
11,33,42,46,50,51,53,52,54,54,51,52,52,54,52,51,54,50,51,47,50,50,48,51,48,47,44,46,47,51,50,50,51,54,52,52,53,52,53,54,53,53,51,53,50,51,51,52,57,101,133,146,153,165,171,176,181,191,200,214,219,77,39,45,53,56,60,58,62,57,58,58,58,59,60,54,50,46,49,54,142,154,158,169,176,183,190,205,173,54,53,52,51,52,53,54,59,61,65,65,63,63,67,64,66,66,64,61,60,63,64,64,65,58,55,53,55,57,56,54,53,52,52,55,58,65,62,56
15,35,43,46,48,50,52,51,50,54,52,54,51,54,52,51,52,48,51,45,46,46,46,46,47,48,43,47,46,50,51,50,49,53,54,51,51,53,52,49,54,49,50,51,48,49,50,48,52,54,98,132,141,155,162,172,176,185,187,196,210,215,47,46,50,54,52,59,59,58,61,57,55,52,58,55,51,48,48,48,135,153,157,165,173,183,185,196,202,56,50,46,48,47,51,51,57,58,67,65,61,62,67,62,63,63,62,59,58,60,61,65,63,59,57,61,58,56,58,57,54,53,51,54,55,66,65,58
18,35,43,47,49,50,49,50,51,50,52,54,52,52,54,52,54,50,50,46,46,45,46,48,46,46,46,47,45,45,48,51,53,51,53,51,55,53,52,51,52,50,49,53,51,49,49,53,49,52,52,105,132,142,150,161,167,173,177,181,193,208,214,54,52,52,55,55,57,55,61,59,54,52,54,57,52,49,46,43,115,152,155,163,170,178,185,190,199,177,53,51,48,48,48,51,57,56,59,59,63,61,66,64,63,67,64,58,60,58,64,64,65,63,62,60,60,59,58,58,54,55,51,55,56,61,70,65
21,38,46,47,49,51,51,49,51,50,52,48,53,52,52,50,52,50,45,46,46,45,45,47,46,46,45,47,47,43,47,51,51,51,55,52,54,52,53,51,52,50,54,53,53,53,52,48,49,51,52,56,109,130,145,155,159,165,168,169,179,194,214,215,61,55,54,58,58,58,58,61,58,55,55,57,54,48,51,44,65,155,157,162,168,175,187,189,198,201,61,49,46,46,51,52,55,59,58,61,64,65,65,66,64,66,66,56,55,57,59,63,64,63,64,58,56,58,56,56,58,52,45,50,53,54,63,69
21,40,49,50,50,50,50,51,54,52,52,48,50,49,47,49,50,48,46,50,47,47,46,48,48,45,42,47,46,43,46,48,48,51,55,53,51,48,50,50,50,47,51,53,51,52,53,47,49,49,47,48,53,111,134,147,153,158,162,159,167,187,201,214,218,66,54,55,55,59,60,62,58,54,55,48,53,50,51,45,54,155,156,161,169,177,186,189,196,202,161,51,43,42,46,49,52,55,58,60,63,65,66,64,61,64,65,57,55,54,54,60,62,61,63,58,54,58,58,58,58,54,50,52,54,54,65,71
27,40,43,48,50,54,52,51,56,52,49,51,50,50,46,49,50,47,47,48,48,46,43,48,43,43,42,43,47,45,47,48,49,54,53,51,49,50,51,51,51,49,53,53,54,53,51,49,49,47,48,48,49,51,114,135,145,153,159,157,162,181,189,198,216,216,71,57,55,59,60,59,61,52,51,51,48,52,49,50,50,151,151,163,169,179,185,188,194,199,200,54,50,47,46,48,52,53,57,60,61,65,65,66,66,65,64,57,54,56,58,58,60,65,64,62,59,58,57,59,60,59,55,54,53,57,63,71
30,41,45,50,50,54,52,54,51,50,51,51,51,48,47,48,48,48,45,45,47,48,46,47,47,45,41,47,45,49,48,47,48,49,53,53,50,50,49,51,49,47,49,53,51,51,50,51,50,46,47,43,47,46,51,108,136,143,151,157,162,172,176,185,199,214,216,85,59,57,60,60,61,60,51,50,48,46,51,46,46,141,151,165,170,180,183,190,194,196,198,97,47,46,42,47,56,54,56,58,62,65,65,63,63,63,62,57,57,55,52,56,55,55,60,61,57,61,58,58,58,58,56,56,55,57,60,69
32,44,48,50,50,52,51,48,50,52,50,51,52,48,48,48,48,45,44,45,45,42,45,43,46,43,42,48,46,51,47,48,47,48,54,50,53,51,49,51,49,48,51,54,53,51,51,51,48,47,45,45,45,45,41,47,99,136,142,149,163,165,174,176,187,203,212,217,139,61,59,60,61,59,54,50,50,46,47,47,45,151,157,165,173,180,185,192,196,194,199,184,53,49,43,47,53,55,55,56,58,64,61,60,62,63,59,57,56,53,52,54,52,52,54,58,60,58,59,58,61,60,59,60,56,56,58,60
36,43,48,50,49,50,50,51,50,52,48,49,52,49,47,48,46,43,44,41,43,48,45,43,43,41,42,46,45,48,48,51,48,48,54,53,54,51,48,48,47,46,51,54,54,49,52,51,51,48,47,44,47,43,41,42,43,120,134,145,159,159,168,173,180,191,199,212,217,185,66,61,60,57,57,51,49,48,46,43,48,156,162,167,174,180,182,187,193,194,198,192,53,49,46,46,49,53,54,57,57,62,64,61,64,64,61,58,54,54,52,54,57,50,53,56,59,60,58,61,61,56,58,59,58,58,56,58
36,45,48,46,49,47,48,49,48,49,51,48,48,47,47,46,47,46,43,43,43,42,45,42,43,42,43,45,45,46,47,47,46,49,51,51,51,51,43,51,48,50,54,96,86,58,52,52,48,46,48,47,45,43,43,40,33,48,122,141,151,159,163,167,171,177,184,192,208,214,212,85,64,59,56,54,47,48,43,41,46,166,163,163,168,173,181,183,190,193,200,194,57,50,46,47,49,52,55,56,60,61,60,61,62,63,64,55,55,54,54,52,53,52,51,49,52,54,58,61,58,58,56,58,62,59,54,55
39,46,47,48,51,50,48,51,50,50,48,46,46,46,47,45,47,45,43,42,41,43,47,44,42,42,43,47,45,46,46,45,47,49,51,52,51,51,47,46,48,53,124,210,212,203,79,54,51,47,48,46,44,42,43,40,33,38,65,129,144,152,157,160,166,169,173,184,198,203,208,213,131,64,58,57,48,47,47,43,46,168,165,165,170,172,177,177,184,190,196,199,66,49,46,48,51,53,55,56,56,58,58,63,57,62,62,57,57,53,55,55,54,51,52,46,48,52,58,61,57,54,54,56,59,60,59,58
40,45,47,47,53,52,53,50,50,50,49,46,46,44,45,44,46,45,43,47,44,46,48,46,44,40,43,47,46,48,48,43,49,49,50,52,53,54,49,48,46,63,192,204,206,207,211,182,55,49,48,46,44,44,42,38,33,36,37,82,133,147,151,157,158,159,164,181,187,191,199,209,209,186,69,58,56,46,46,44,54,171,170,170,176,177,177,175,182,187,188,199,145,47,47,45,46,52,56,55,57,58,58,60,60,61,64,55,58,58,54,58,55,54,51,49,42,43,50,57,60,59,56,58,58,58,61,59
44,46,46,48,51,52,53,54,50,52,50,50,48,47,45,47,48,47,45,43,45,44,43,42,42,40,42,43,42,47,47,48,46,48,51,54,50,51,46,48,45,83,185,193,194,193,197,207,204,69,51,46,46,46,40,38,36,33,35,45,88,137,145,152,152,152,162,177,179,187,194,199,202,207,204,152,62,57,51,48,164,181,174,173,176,178,176,178,180,185,184,191,190,50,46,45,45,51,57,57,56,57,56,58,59,63,67,55,54,56,53,53,55,56,54,54,48,46,43,48,58,57,54,56,58,57,60,56
41,46,47,51,50,46,48,48,49,49,50,50,46,48,46,46,48,47,45,47,43,42,42,45,42,40,44,47,45,43,43,48,43,48,51,50,51,50,50,47,47,127,172,173,181,181,188,194,203,199,161,53,47,42,45,40,38,34,34,36,40,103,134,141,142,146,165,172,172,181,190,194,197,202,198,205,200,188,172,174,183,179,175,172,176,174,170,173,174,181,185,192,194,56,46,47,42,47,55,57,58,58,56,58,59,59,64,58,53,51,54,54,54,55,56,53,52,47,46,44,47,57,58,55,57,54,55,55
39,47,46,48,49,48,51,52,48,51,51,46,46,48,45,44,47,45,45,45,42,42,42,45,42,39,44,46,47,43,44,45,43,46,51,53,51,48,48,51,48,132,158,156,163,172,177,179,185,187,198,194,107,47,44,40,37,33,30,33,32,42,113,130,134,150,163,167,170,178,184,188,194,197,192,197,197,193,189,176,179,177,173,170,174,173,173,171,174,175,182,186,194,103,46,47,43,42,53,61,59,60,58,54,57,61,64,56,55,53,54,55,56,52,55,53,50,47,45,44,46,50,54,54,58,54,55,56
42,48,47,51,52,49,48,51,48,48,46,45,46,46,46,43,46,45,43,42,42,42,42,46,43,42,42,45,44,44,43,43,46,46,48,51,51,51,51,50,51,111,145,147,154,160,169,172,170,174,185,193,198,175,63,42,38,38,33,29,27,35,48,117,128,150,160,163,168,175,180,184,188,187,184,197,194,192,180,177,177,174,170,169,170,172,173,171,173,174,180,184,189,177,48,43,46,42,45,57,60,57,54,55,56,61,63,56,51,53,54,54,53,53,50,53,48,46,48,44,42,45,50,52,57,60,59,54
47,45,47,51,49,48,48,52,48,48,46,42,43,46,45,48,45,46,41,42,42,42,43,42,42,40,43,43,42,44,46,44,46,44,49,49,47,48,51,53,47,60,132,140,148,156,165,167,158,167,176,180,184,190,190,159,43,37,33,31,29,33,43,59,130,146,158,162,168,169,174,178,180,180,184,190,193,188,181,173,172,168,165,166,170,172,170,165,172,174,180,181,186,188,53,43,42,43,43,53,60,59,58,57,56,57,63,55,53,52,47,50,51,52,53,52,54,51,51,48,43,44,46,54,56,58,60,63
47,51,46,45,48,48,50,52,50,45,45,46,40,45,47,46,44,45,42,42,42,42,40,41,38,38,41,46,44,42,46,46,46,46,48,48,47,47,48,51,48,49,88,123,140,148,156,159,156,163,173,173,172,178,182,181,176,70,36,33,26,30,41,47,77,152,158,160,165,166,170,171,175,173,177,183,190,183,183,168,166,163,162,166,170,170,168,166,170,174,181,178,181,189,103,45,44,45,46,51,61,63,58,57,56,56,57,53,53,51,53,48,51,50,50,49,51,47,47,50,47,42,41,43,52,54,54,50
45,45,47,47,48,51,49,47,46,45,45,46,45,45,47,45,46,42,42,42,43,42,42,39,38,40,42,43,45,43,44,43,48,43,47,49,46,47,48,46,47,45,48,69,113,134,143,150,152,158,167,166,166,169,169,174,178,178,110,37,29,32,40,46,59,158,163,160,161,160,166,168,168,170,169,181,182,180,172,165,161,161,159,167,169,169,167,165,168,169,172,175,181,190,173,45,42,43,45,47,55,61,58,57,58,56,58,53,51,53,53,50,48,51,51,52,52,51,47,51,48,46,46,45,50,51,49,45
46,46,47,47,47,50,48,46,47,46,43,44,45,46,46,43,46,42,41,39,42,40,40,38,40,36,42,41,42,44,43,45,43,46,48,48,50,53,48,46,47,49,43,45,59,103,123,135,148,153,161,161,164,164,160,168,174,176,176,161,45,30,39,46,66,162,165,160,160,158,164,165,164,166,171,175,177,171,163,160,155,159,157,167,166,167,165,166,166,169,167,171,176,184,188,52,42,43,42,46,51,60,58,55,53,56,54,52,54,54,55,54,53,52,51,53,56,47,47,47,48,45,46,49,53,48,47,45
45,45,47,50,50,46,48,46,43,44,45,44,46,46,46,45,46,42,42,41,39,38,42,39,38,37,38,42,42,44,43,38,44,46,50,51,51,52,49,49,50,47,47,45,46,51,89,119,136,145,156,159,163,158,155,160,170,174,181,176,169,86,43,48,136,163,163,161,158,155,156,161,158,163,166,170,168,163,160,150,153,156,156,164,163,165,163,166,166,164,164,168,173,176,185,76,42,42,43,45,48,60,61,55,55,54,56,49,50,51,51,51,49,48,51,51,54,51,48,48,46,48,45,50,54,54,51,49
40,45,46,46,45,49,51,47,46,46,43,42,42,45,42,46,45,41,40,40,41,39,42,39,40,38,38,42,42,46,46,43,44,45,46,48,51,50,50,48,48,46,46,45,45,47,53,76,117,137,146,153,159,155,157,158,163,174,181,177,176,161,139,65,162,163,161,158,158,152,154,157,153,158,160,158,160,156,154,152,151,153,156,162,158,158,159,163,163,164,165,170,172,172,183,156,46,43,43,45,47,57,61,60,56,57,56,54,52,54,54,49,44,46,48,48,50,53,50,48,49,49,50,53,55,51,54,54
45,46,46,45,45,46,50,47,46,45,43,44,42,45,43,47,43,45,42,39,42,40,39,38,40,36,38,40,38,42,42,46,44,45,46,47,47,48,48,48,47,46,46,47,48,43,49,47,55,110,133,143,151,149,153,157,159,171,179,178,177,171,156,152,167,163,162,160,157,156,155,154,150,153,155,154,153,152,153,153,153,152,153,156,156,156,159,162,163,164,167,166,168,168,177,173,47,44,42,42,46,53,58,61,54,53,57,54,52,54,50,47,49,51,50,49,52,53,53,51,52,53,53,55,58,55,57,60
43,45,45,45,45,48,49,48,45,44,44,43,45,44,43,43,45,43,43,39,40,40,38,38,38,34,38,41,43,41,43,46,42,45,48,47,44,47,51,47,47,46,47,47,43,41,49,46,47,54,94,127,139,139,144,155,158,169,173,174,172,170,165,163,166,164,161,159,160,159,158,155,149,149,147,153,153,153,155,152,153,151,154,156,155,155,157,160,160,162,164,162,167,165,174,178,54,43,43,42,46,47,59,62,60,53,54,49,51,52,50,53,51,51,51,53,55,55,53,53,46,57,54,55,58,61,61,63
44,43,46,48,46,49,48,46,44,46,42,46,42,42,46,46,45,43,43,39,38,38,38,38,40,39,37,41,41,42,43,46,43,47,45,47,47,45,51,48,45,46,43,43,43,43,48,47,44,46,47,85,121,128,137,151,159,164,165,169,165,163,161,163,162,160,161,163,160,159,160,157,147,149,143,153,152,154,155,153,150,149,155,157,156,155,159,161,158,160,159,162,163,161,167,179,112,45,43,42,46,48,57,61,58,52,53,51,47,47,52,54,50,51,52,53,55,53,55,52,42,44,53,58,59,63,61,62
46,46,45,46,46,45,47,45,44,45,43,46,44,44,46,44,44,45,42,38,41,42,39,41,38,37,37,40,42,42,43,44,44,48,47,45,45,48,50,48,48,45,45,42,45,43,47,48,46,43,42,47,74,115,125,140,150,155,157,161,159,158,152,161,160,159,160,161,162,159,163,159,148,152,142,151,153,154,156,152,149,148,155,155,154,154,159,159,159,158,154,154,157,156,158,174,164,46,43,45,44,47,52,57,60,52,51,50,49,50,46,48,52,48,50,51,48,53,52,53,51,42,46,55,65,65,57,53
44,43,47,47,47,47,45,45,43,43,42,44,44,42,45,44,45,42,38,38,39,40,38,39,39,38,36,40,38,42,43,46,48,45,47,48,48,47,47,48,47,43,46,43,45,43,45,46,43,42,43,44,42,72,106,121,139,147,151,153,151,156,152,161,163,159,158,160,161,159,165,162,150,153,145,149,153,156,153,152,149,146,153,153,156,154,155,157,156,159,155,154,154,156,161,170,169,46,42,45,47,47,50,58,58,58,52,50,49,48,46,47,46,48,50,53,51,58,57,55,51,47,42,50,60,63,58,59
42,46,47,43,42,45,45,45,46,45,45,46,46,43,44,44,43,40,42,40,38,38,38,38,38,38,35,38,40,42,43,43,46,42,47,46,51,48,50,43,43,43,42,47,43,41,43,43,42,40,42,38,39,42,54,87,115,129,139,145,146,151,154,159,160,161,158,158,159,158,165,166,151,156,148,146,155,156,154,156,149,147,151,153,155,153,152,155,155,157,154,152,152,154,157,165,166,50,43,42,44,43,47,55,56,58,52,47,46,46,43,45,44,50,47,47,54,55,55,58,55,54,44,44,52,60,62,58
43,46,45,46,43,45,45,48,46,45,44,47,45,46,44,42,42,43,39,37,40,38,40,37,42,38,36,38,38,42,38,41,42,42,43,47,47,50,48,43,42,43,43,45,42,41,43,42,39,40,41,43,35,38,41,33,55,103,121,131,135,144,152,152,158,166,154,156,158,157,165,165,152,157,149,144,149,154,153,156,150,147,149,152,151,151,149,152,153,154,152,153,154,152,155,161,162,73,43,45,44,45,46,53,57,58,52,47,49,46,43,46,43,45,46,44,51,53,52,57,54,56,49,45,50,57,59,52
51,45,44,46,45,46,47,42,43,44,45,47,46,44,44,46,42,43,40,35,38,37,38,38,38,38,36,38,39,41,42,42,44,42,46,47,45,48,47,45,45,44,45,42,43,42,43,43,43,42,42,43,40,38,41,33,36,40,81,113,121,132,150,149,155,155,157,156,161,158,164,163,154,153,152,147,147,150,149,152,150,146,150,152,150,150,147,150,153,152,150,152,152,150,152,155,160,112,46,44,48,47,46,51,58,59,53,50,50,45,46,44,45,42,43,45,44,49,50,54,55,52,53,49,48,48,54,50
41,43,45,45,47,45,46,42,45,42,44,43,44,43,45,45,43,37,40,39,36,37,36,38,34,39,33,37,39,40,41,42,45,43,43,45,47,49,47,45,46,46,45,47,45,43,46,45,46,40,40,41,38,39,36,33,29,29,27,48,92,122,148,153,153,151,156,159,161,157,162,161,161,156,154,152,144,148,147,148,147,146,147,151,148,148,145,148,152,152,150,147,148,147,147,153,160,140,45,43,47,49,47,49,57,58,53,46,51,43,44,46,42,45,44,43,42,45,48,52,54,54,53,50,50,49,52,50
43,43,42,46,45,46,45,45,43,42,43,41,41,43,43,43,42,40,42,36,38,38,37,36,38,38,36,38,38,40,41,42,42,42,43,43,45,47,47,43,46,48,74,123,89,53,51,47,44,43,43,40,38,40,36,31,29,30,23,27,40,76,152,159,158,154,156,161,163,158,160,160,160,160,155,156,147,146,147,146,148,145,147,147,148,147,144,146,150,151,149,146,144,142,144,149,155,144,44,42,46,49,47,49,53,55,56,51,51,48,45,46,45,45,44,44,42,42,44,50,50,51,52,51,48,52,46,50
43,42,47,45,42,43,45,43,43,43,41,45,42,42,43,43,40,40,39,42,40,37,37,36,36,38,38,37,41,38,42,42,44,42,43,45,43,47,43,46,45,67,186,190,185,187,178,144,79,55,44,42,42,42,38,35,33,29,23,24,30,47,158,164,163,161,159,160,162,160,159,160,162,162,158,160,152,142,147,144,146,147,144,143,146,144,143,145,150,151,151,146,147,142,143,148,156,144,43,41,46,47,47,47,52,55,54,52,46,48,44,46,47,42,42,42,40,43,44,45,43,47,48,49,51,51,49,48
45,45,45,46,47,47,42,43,46,43,44,44,42,41,39,39,42,43,42,39,37,36,36,38,38,38,37,39,41,43,42,43,43,42,46,47,48,45,45,46,47,159,187,187,180,183,181,180,169,172,164,144,112,69,59,49,38,37,27,24,30,48,159,162,159,162,163,164,162,159,156,161,164,164,161,162,156,148,147,146,145,147,143,141,143,143,142,146,148,150,148,147,149,143,143,147,157,150,52,43,46,49,47,44,47,53,54,53,49,50,46,44,44,46,42,39,40,42,42,41,42,45,43,43,44,43,45,46
42,42,46,45,47,45,43,44,41,44,45,43,45,40,41,38,41,39,40,38,36,38,37,37,38,38,38,38,40,42,41,42,43,40,46,47,44,45,45,46,48,169,179,176,173,175,176,174,174,179,183,183,176,170,155,169,168,143,77,34,36,90,160,159,158,159,162,164,166,163,158,164,165,163,166,165,160,155,147,151,147,145,145,140,137,139,141,143,143,148,146,146,148,144,140,142,149,149,95,45,47,47,47,43,46,50,50,53,50,49,43,45,45,46,42,38,39,40,40,38,41,38,36,42,39,41,41,43
43,43,43,43,48,44,47,43,45,42,42,43,44,40,41,42,42,40,38,39,37,36,37,36,38,38,36,33,40,42,40,41,43,43,43,42,42,45,47,48,54,159,164,166,170,172,174,170,172,179,180,181,179,172,166,184,191,190,183,170,150,161,161,156,154,159,163,165,168,168,163,163,167,162,166,165,163,162,156,152,149,148,146,143,137,137,140,142,143,146,144,142,142,143,139,140,142,147,170,46,43,48,45,44,46,46,46,52,52,47,47,45,42,43,43,39,39,40,40,38,37,39,37,36,38,39,38,42
42,45,45,45,42,45,43,45,42,44,42,43,42,41,42,39,43,42,40,38,36,38,38,41,39,38,39,37,40,38,42,38,43,43,42,43,45,48,46,47,53,147,148,149,158,164,171,164,170,173,177,177,176,167,164,182,187,190,189,186,172,167,157,154,155,160,165,168,169,173,167,169,169,166,166,168,167,165,164,157,151,150,147,145,140,139,141,141,140,143,141,138,139,138,138,139,141,147,172,54,47,50,48,45,47,46,46,51,51,47,43,44,46,45,42,41,37,37,38,39,38,37,36,34,37,40,38,44
42,42,45,43,45,45,43,42,42,42,41,43,42,41,39,39,42,40,38,37,36,33,38,38,38,38,38,40,41,40,42,42,42,38,40,47,44,46,42,48,46,133,136,141,143,150,160,154,161,167,169,171,170,161,161,178,183,187,184,179,163,162,153,159,154,160,164,168,172,173,168,171,173,173,168,167,165,165,165,167,155,150,147,144,143,139,143,141,142,142,140,135,136,135,133,137,139,147,170,167,52,51,48,51,52,47,46,46,53,46,42,42,43,39,39,38,38,38,35,34,36,36,33,34,34,38,37,35
40,44,43,43,43,43,46,41,42,42,44,43,40,40,39,38,39,39,38,38,36,38,36,36,34,38,38,38,42,42,42,44,43,41,42,45,45,43,43,44,45,83,123,130,131,140,144,145,153,158,163,166,165,162,161,173,178,180,179,175,153,156,155,159,160,161,163,170,172,172,169,171,174,177,170,170,166,163,165,165,158,149,147,143,144,142,143,142,140,141,136,132,135,129,127,133,134,146,167,181,61,49,46,46,46,51,47,47,52,46,44,40,40,38,40,38,34,33,35,34,33,35,35,35,38,35,38,36
42,44,40,43,43,44,43,40,41,43,39,42,42,44,38,38,40,38,41,42,38,38,38,34,33,38,38,38,42,39,42,43,43,43,45,47,46,43,45,43,45,44,75,97,112,124,130,133,145,148,156,157,159,155,158,165,173,173,173,167,150,152,153,158,158,161,163,166,171,171,167,171,173,175,171,170,169,167,163,159,157,153,148,146,146,144,143,142,141,140,136,131,132,129,128,130,134,147,165,178,178,51,47,47,51,46,46,47,48,51,47,40,40,38,39,38,34,36,36,38,31,33,35,34,37,36,36,39
42,41,41,44,41,43,40,44,42,44,42,39,42,42,39,39,41,37,39,38,37,40,36,37,36,39,37,38,37,41,40,46,46,42,46,45,46,45,43,43,43,43,43,45,61,91,107,115,130,133,143,144,145,145,151,155,164,165,165,162,152,151,151,154,159,162,165,170,170,170,165,172,172,173,170,171,171,169,167,164,159,154,153,150,148,146,144,141,142,141,137,131,130,128,126,127,135,151,165,173,183,79,50,47,48,47,46,45,44,48,39,42,39,38,39,37,38,35,34,36,33,33,34,34,33,33,34,33
38,39,41,41,42,45,43,35,38,39,41,42,42,44,40,36,41,38,38,34,38,37,36,34,34,37,38,40,41,39,42,41,42,43,43,43,45,46,45,42,43,43,41,39,38,46,61,78,90,106,121,129,130,129,140,147,152,151,154,150,147,146,149,150,158,160,166,172,174,169,163,172,173,174,170,169,169,169,167,168,164,161,153,151,150,148,145,142,140,135,135,132,131,129,123,124,134,149,162,171,179,182,59,43,46,45,43,47,42,45,39,39,38,38,38,38,37,37,34,34,33,34,33,28,33,36,33,34
42,39,41,42,44,42,43,41,40,40,39,43,42,40,40,36,38,38,40,38,36,36,35,33,34,36,38,38,42,42,39,42,43,45,45,43,45,47,42,42,41,40,38,35,35,39,40,41,38,47,60,84,100,114,123,130,137,136,141,139,137,139,146,151,157,165,168,170,168,169,163,172,174,174,169,167,169,169,168,169,167,165,160,151,148,146,145,142,141,137,135,133,129,127,124,127,135,149,162,169,178,186,155,48,48,42,42,45,40,44,42,35,37,34,34,33,36,33,33,30,33,33,33,28,31,34,35,34
40,40,43,43,41,42,42,43,41,43,41,43,41,41,40,34,39,38,37,38,36,34,37,36,34,37,38,38,37,37,42,38,42,45,45,42,43,45,43,45,46,42,38,38,38,38,38,38,34,38,38,36,43,69,89,99,107,114,124,128,128,126,146,150,161,170,170,171,170,171,164,174,174,175,169,166,169,170,168,168,168,167,163,156,147,145,143,142,141,139,135,134,129,125,122,126,136,150,162,172,177,183,185,60,48,41,44,42,39,40,40,38,33,34,33,33,34,34,32,33,32,32,30,31,32,33,33,33
40,38,39,39,40,40,41,42,39,43,43,37,42,41,42,38,38,38,38,36,36,34,34,38,36,32,33,34,38,37,40,39,39,42,43,41,42,43,42,43,42,41,41,36,36,37,38,36,33,35,35,35,33,35,36,39,50,67,84,104,115,116,144,152,164,167,167,169,171,172,165,176,176,174,171,170,171,172,171,172,172,171,167,163,156,145,141,143,141,142,138,133,129,123,124,126,137,153,165,172,177,182,186,181,49,41,42,40,39,39,40,40,36,34,32,34,34,33,35,33,33,33,31,29,31,31,31,31
37,38,39,40,42,38,42,42,39,42,41,39,40,42,38,38,35,34,36,30,29,37,36,36,34,30,33,36,37,38,38,37,39,38,40,41,42,40,41,42,41,38,35,33,33,36,37,38,30,29,30,33,33,33,26,27,26,18,21,37,54,88,135,153,165,165,165,168,170,172,168,178,175,172,172,172,175,176,175,175,173,171,169,167,159,153,140,141,138,142,138,133,128,123,121,130,136,151,167,174,180,182,186,186,131,47,43,38,36,37,38,38,37,30,33,33,31,33,34,33,32,33,34,31,33,33,32,32
39,39,40,39,42,40,40,43,40,40,42,43,43,40,41,39,33,36,37,36,34,36,36,36,34,35,38,38,39,40,39,40,37,40,42,38,40,41,40,40,38,38,38,35,35,34,35,36,31,27,31,29,27,32,27,24,26,20,18,23,26,33,113,151,159,162,161,169,173,172,169,176,173,173,173,177,177,173,174,173,173,172,171,170,165,157,151,144,138,141,139,134,130,125,128,135,138,150,163,176,184,184,186,187,182,61,47,39,39,36,37,38,36,33,32,31,33,33,33,33,33,36,33,34,30,33,32,32
36,39,42,39,43,38,40,41,41,40,41,42,40,41,40,43,36,36,39,37,33,33,36,37,34,33,36,40,38,40,38,42,39,41,42,42,41,40,40,40,39,40,36,33,33,35,36,35,33,27,27,33,29,29,27,24,24,17,20,23,24,27,65,153,155,158,161,171,173,172,170,174,174,177,178,178,176,178,173,173,172,171,172,172,167,162,156,154,147,144,139,137,131,133,137,138,142,148,160,176,183,182,187,188,186,158,56,47,37,36,37,37,34,30,27,29,32,30,32,28,32,30,31,31,30,32,31,30
37,37,40,40,41,42,39,43,41,41,38,42,42,41,38,40,39,38,37,39,33,34,36,33,37,33,36,36,35,37,37,42,42,42,43,41,42,38,38,42,38,40,37,33,33,33,36,30,34,32,29,27,27,27,24,26,20,18,21,19,25,27,44,155,151,158,162,170,173,173,172,176,176,180,179,177,178,178,175,173,172,173,176,174,172,165,160,159,154,149,139,138,136,141,146,140,141,145,157,172,181,183,187,191,190,183,84,55,40,36,36,34,34,31,31,30,27,27,31,28,29,33,28,31,31,33,33,32
38,39,38,39,41,41,42,42,41,42,39,43,42,40,40,39,38,36,39,36,37,36,34,36,37,33,36,38,38,38,37,42,42,42,43,42,38,38,38,40,37,38,35,38,33,32,34,30,29,29,27,27,27,27,24,24,18,18,16,18,24,27,48,155,152,158,162,168,170,172,175,179,177,179,181,177,178,176,174,173,173,175,175,174,172,166,162,157,161,155,147,143,145,148,148,143,145,145,152,167,179,183,185,188,190,186,171,61,44,36,35,37,34,33,32,29,29,30,29,29,27,27,29,32,33,33,34,32
40,40,40,40,40,39,43,38,39,39,38,40,43,38,42,42,41,33,36,37,36,33,33,32,33,34,33,36,40,38,39,42,42,38,42,40,41,38,38,38,37,38,35,33,33,33,33,29,29,27,27,27,27,27,26,27,17,17,20,20,23,29,126,154,154,159,162,168,169,172,176,177,178,178,180,177,177,176,174,173,173,171,175,173,172,168,162,159,161,158,152,151,152,152,153,149,150,147,152,162,175,180,183,186,187,189,183,146,54,38,34,37,37,34,31,29,29,29,31,31,31,30,28,30,31,33,31,31
36,39,42,40,39,41,38,38,38,38,37,37,38,40,37,37,39,34,36,38,34,34,30,29,33,33,33,34,38,38,38,41,40,38,38,41,40,40,39,38,34,35,34,31,28,32,33,27,27,27,27,29,27,29,21,26,19,17,20,21,27,48,159,158,154,159,162,169,170,174,176,178,178,178,182,178,176,176,175,173,170,169,171,172,169,166,163,161,164,162,156,156,155,154,156,156,152,150,155,159,169,177,183,185,187,188,187,179,64,49,37,36,35,33,33,27,31,29,29,29,29,28,27,31,33,30,31,32
38,39,39,40,38,40,39,38,38,38,38,38,37,42,37,38,38,35,34,38,33,36,29,33,32,33,36,38,37,40,36,39,38,39,38,40,40,40,38,38,38,33,30,33,30,33,33,33,29,27,27,26,24,27,23,21,18,20,26,33,87,171,170,161,153,156,162,167,169,174,175,175,177,177,177,180,178,175,175,170,170,165,167,168,165,165,163,161,163,164,161,160,156,155,154,156,155,154,158,161,164,175,181,185,187,191,188,186,161,59,40,35,35,33,32,33,29,32,31,29,30,29,27,28,28,30,31,30
38,39,39,36,35,38,38,37,37,37,40,38,38,38,36,36,39,38,37,34,30,35,33,33,32,34,33,36,36,36,37,38,40,38,36,38,36,37,38,35,36,34,29,29,29,33,33,33,29,27,27,27,27,27,24,27,21,27,50,170,181,186,178,157,150,156,160,166,170,171,172,171,175,177,174,179,176,173,173,172,168,166,164,165,164,164,163,164,163,166,165,161,160,157,152,155,158,160,163,162,161,171,176,181,185,186,188,188,179,93,51,35,34,34,32,32,31,27,30,29,30,30,27,28,27,31,33,32
36,38,36,38,37,37,38,38,39,38,36,39,39,38,38,36,39,39,37,33,29,34,33,27,30,30,30,37,35,37,34,38,39,38,38,36,37,38,36,36,33,33,29,29,33,30,31,31,27,29,28,29,29,30,27,31,38,100,170,187,188,187,178,159,147,153,160,164,168,168,169,170,172,175,174,175,177,172,170,168,166,165,161,165,162,162,163,162,163,163,165,161,160,157,152,154,160,161,165,163,162,167,174,178,184,187,188,188,185,172,68,44,36,33,30,28,28,29,29,27,29,30,30,30,28,29,31,30
36,40,36,40,40,38,38,38,36,38,37,38,38,38,36,34,38,37,37,35,32,33,33,27,29,33,30,36,34,37,34,34,38,37,38,36,38,38,33,35,29,29,31,29,29,30,32,30,27,32,33,36,38,38,55,134,166,170,178,186,190,187,179,160,146,149,155,159,164,165,162,167,168,173,171,172,172,170,167,165,165,164,160,163,162,158,160,163,164,161,164,161,157,160,153,152,158,161,167,166,164,167,172,177,183,187,186,189,188,183,135,58,40,33,32,31,30,33,27,29,30,29,31,28,27,28,28,30
38,35,38,39,38,39,37,38,38,37,39,38,38,39,39,36,37,36,36,34,33,34,33,30,29,31,31,34,34,36,36,38,36,36,36,35,37,35,38,35,36,35,30,29,29,29,30,28,33,43,109,139,156,160,165,172,174,173,173,181,184,179,176,164,143,146,150,154,157,159,155,160,162,167,167,166,167,164,164,163,162,161,155,159,157,156,159,163,160,159,165,159,155,160,154,154,155,158,163,168,164,170,171,176,179,186,187,188,186,187,177,73,48,37,33,31,33,30,30,27,27,28,27,27,27,27,28,28
39,36,38,38,36,38,37,39,38,38,39,35,39,37,37,37,36,36,33,33,35,32,33,27,29,27,30,36,34,36,34,36,38,37,34,38,38,38,37,34,36,35,30,31,30,31,31,34,113,173,177,179,181,177,172,173,171,172,169,178,175,172,168,160,142,141,143,146,148,151,145,152,155,159,160,160,161,162,160,160,162,157,153,155,157,155,154,158,157,158,160,157,153,159,154,155,151,155,161,167,166,171,170,173,176,184,187,186,186,185,183,162,59,46,35,31,31,31,30,29,31,28,30,28,27,30,29,28
35,36,38,38,42,38,39,38,38,37,37,36,36,36,35,35,36,34,36,31,30,30,30,30,27,26,29,34,36,36,34,34,35,36,38,38,39,36,36,38,32,33,27,29,30,33,33,41,174,181,178,178,184,177,172,173,173,171,161,169,164,162,159,154,142,135,137,137,139,141,136,145,148,152,155,154,155,156,157,160,157,154,151,153,156,153,152,156,153,155,158,156,154,157,150,156,149,153,157,161,162,169,171,173,172,179,185,186,187,187,187,177,87,54,38,33,31,32,31,31,33,30,31,30,31,27,27,29
35,37,36,31,40,39,39,36,35,38,39,35,36,35,36,37,36,36,37,29,32,28,27,28,29,27,27,36,34,32,36,36,38,36,38,38,40,34,35,35,34,32,33,28,27,32,32,102,173,176,174,175,178,173,172,174,171,169,152,155,151,153,151,144,132,124,131,126,125,131,128,139,140,144,150,150,151,151,154,153,150,149,149,150,154,151,150,151,150,151,153,154,154,155,152,154,150,151,153,156,153,166,171,171,171,177,182,185,189,189,185,185,168,73,44,35,31,29,30,31,31,28,30,30,30,31,27,30
36,38,37,36,38,38,38,38,36,37,37,37,37,37,36,31,36,34,37,35,29,27,29,26,27,27,27,34,34,30,32,36,38,38,38,38,38,37,35,38,31,32,30,29,27,30,32,151,164,164,163,172,172,169,168,169,166,160,147,138,138,139,133,125,113,109,116,117,112,116,114,129,132,137,139,144,147,146,147,147,147,145,147,147,150,147,145,148,145,148,148,148,151,148,150,152,151,149,149,150,152,160,168,172,172,173,177,184,187,188,186,186,179,146,61,43,33,32,30,32,28,27,30,29,28,28,27,30
36,36,36,36,42,36,37,38,36,38,38,37,35,37,36,37,36,33,34,33,36,30,29,27,28,27,27,29,34,34,34,37,37,34,36,36,38,38,38,35,33,32,27,30,27,30,32,142,153,152,154,161,162,164,159,159,158,149,142,121,121,108,96,81,65,65,79,92,89,92,97,112,121,131,134,137,141,138,141,143,141,141,142,141,144,143,140,141,138,141,142,146,148,145,147,151,145,147,147,149,152,156,164,171,172,173,175,180,185,189,188,187,182,176,98,57,39,34,31,28,27,28,31,29,28,29,27,27
36,35,35,35,36,38,36,37,35,37,37,37,34,33,32,36,36,36,33,33,31,30,29,27,27,27,27,27,33,34,35,38,36,33,33,35,36,38,38,33,33,29,27,30,27,30,30,126,144,144,146,151,150,150,143,142,136,127,119,101,82,56,34,21,16,16,24,32,35,41,60,92,109,121,125,128,133,132,132,137,137,136,135,136,138,137,136,136,133,133,136,142,143,141,143,147,140,143,144,147,151,155,163,171,174,172,170,177,184,187,186,187,183,180,171,73,51,37,33,33,28,31,28,29,28,28,25,27
35,35,35,38,36,37,38,36,35,33,35,38,37,33,34,36,37,36,33,33,32,31,30,25,27,26,27,33,31,32,36,33,34,34,34,34,33,36,36,29,30,27,28,27,29,28,29,61,123,132,129,135,133,131,120,104,84,71,54,35,23,21,17,17,17,12,14,17,17,16,18,43,86,107,113,121,126,125,127,128,132,128,130,131,130,132,129,129,130,128,129,133,136,136,144,143,137,137,138,146,147,156,163,169,171,174,174,173,180,181,185,187,186,184,177,159,63,48,34,31,30,31,30,29,28,27,26,28
36,35,38,35,38,37,38,37,38,35,36,36,35,36,34,36,35,36,30,36,34,32,27,25,27,26,27,31,31,33,34,33,34,35,34,33,34,34,35,30,33,27,26,27,27,30,27,26,50,61,73,88,95,88,53,32,25,16,16,17,20,20,17,16,17,15,14,17,17,15,14,16,34,80,99,112,116,119,118,123,125,125,123,126,126,126,123,124,123,123,123,128,126,130,143,136,132,133,136,144,147,155,162,164,169,174,174,173,175,180,184,185,181,185,181,171,99,57,38,32,33,30,30,29,27,27,27,29
38,36,36,35,39,38,38,40,36,37,36,33,33,36,34,36,35,32,33,36,31,30,27,27,23,27,27,30,31,32,30,33,31,33,33,33,34,34,33,31,31,31,27,23,26,27,29,24,21,26,24,23,26,26,16,15,15,16,14,15,17,16,17,16,17,16,15,17,17,15,16,17,16,29,73,97,103,110,113,114,119,116,117,118,119,117,117,119,116,115,120,121,114,126,139,133,130,132,132,142,149,154,160,161,164,171,174,175,174,178,181,185,184,182,179,179,163,73,47,35,33,28,27,29,28,28,27,26
35,33,38,36,38,35,36,37,36,36,38,35,32,36,37,34,34,33,33,34,30,30,34,27,26,27,29,29,33,30,29,30,34,33,34,33,33,33,34,30,29,28,27,24,24,27,24,26,23,23,20,18,16,18,17,14,15,16,14,14,14,15,16,16,14,14,16,14,17,16,16,17,12,15,24,61,86,96,103,105,107,105,107,106,106,108,108,108,108,106,113,114,106,120,133,130,127,130,130,141,149,154,160,159,163,169,172,174,174,178,180,184,184,181,183,180,175,141,67,42,34,28,31,31,32,28,31,27
36,33,37,38,33,35,36,35,36,37,39,35,39,37,35,37,38,33,32,34,32,28,28,27,26,26,27,30,34,32,30,32,33,32,32,32,31,34,32,32,26,27,27,26,27,27,24,23,24,23,18,18,17,17,15,12,15,17,15,14,15,14,18,16,15,12,12,14,14,15,15,17,14,15,17,18,43,76,87,93,94,95,94,95,93,94,94,95,97,100,105,107,105,120,126,128,124,124,130,141,150,155,154,156,161,167,170,174,175,176,177,179,181,182,181,180,179,167,85,56,37,31,33,31,33,31,29,30
35,36,36,35,36,36,34,38,38,38,39,39,39,39,38,36,37,34,36,30,30,29,27,26,23,25,27,34,33,29,29,33,34,30,33,31,31,31,29,31,27,26,26,26,27,26,27,24,24,20,18,16,14,16,12,14,14,12,16,15,15,16,17,20,16,14,14,11,15,14,16,15,12,11,14,12,20,26,51,73,80,84,83,80,80,79,77,79,83,89,96,93,102,118,122,123,124,121,131,143,150,153,150,155,160,163,167,172,174,175,177,179,180,181,180,179,180,172,157,71,46,36,33,31,31,32,29,32
29,32,33,32,34,38,34,38,41,37,38,38,36,38,37,37,35,37,35,30,28,30,31,27,27,26,27,32,29,27,29,29,33,32,28,31,30,31,29,27,27,27,27,23,26,30,20,21,24,21,18,20,15,15,9,11,14,14,15,16,15,18,15,16,14,11,12,11,14,11,14,11,12,14,15,11,16,16,18,25,35,47,46,44,39,33,33,37,51,75,83,85,98,111,117,118,118,123,135,143,150,150,146,150,159,162,166,168,172,176,175,179,179,179,183,180,179,176,168,144,65,42,38,32,32,33,30,28
31,33,33,35,34,33,37,38,40,38,38,37,38,38,37,37,33,34,34,33,29,27,30,27,27,26,27,30,30,31,30,27,33,33,30,30,31,33,32,28,27,23,24,24,26,24,21,24,21,21,17,20,17,14,9,8,9,15,14,14,14,15,16,16,16,11,11,11,10,12,11,11,11,11,12,11,15,14,15,16,16,16,20,21,17,18,16,21,26,43,70,85,96,106,109,110,120,126,139,144,151,148,145,150,157,163,165,167,168,171,176,178,179,179,180,179,179,176,171,164,88,56,42,36,33,33,33,28
30,32,35,38,38,36,36,34,36,34,39,39,36,36,36,36,37,36,34,33,29,29,27,26,26,24,27,27,30,30,28,27,33,31,30,32,30,33,30,29,23,26,24,23,27,26,23,24,20,21,20,17,16,15,9,11,11,15,12,14,12,15,15,14,11,9,11,11,11,9,9,8,11,10,11,11,12,15,12,12,16,16,17,18,17,16,16,18,19,23,51,78,90,101,105,114,119,128,137,143,146,147,147,150,157,161,162,164,165,168,172,176,177,177,179,178,179,177,173,167,151,71,54,40,37,35,30,30
28,33,35,36,36,37,36,37,38,38,38,35,38,37,38,33,37,35,35,33,33,30,30,29,27,26,23,28,29,29,27,28,27,27,30,30,27,30,30,27,26,24,25,24,24,25,23,23,21,18,20,17,18,17,10,11,10,9,14,14,15,11,15,15,14,10,11,11,11,10,9,8,9,10,12,10,12,12,12,16,12,15,15,14,21,18,16,18,17,18,26,65,83,96,107,118,123,129,136,145,144,144,148,151,156,158,159,162,164,166,168,172,171,175,175,175,177,178,176,169,166,148,67,48,42,35,30,27
29,33,35,33,36,33,33,33,38,37,38,33,36,36,37,36,33,34,36,33,34,30,30,26,26,26,27,24,25,27,27,26,26,26,29,31,27,29,28,27,26,20,23,26,23,24,23,18,21,20,18,17,15,14,11,10,10,11,12,15,15,14,11,12,11,11,10,12,12,11,9,8,11,8,12,11,11,14,12,12,12,11,14,16,18,15,14,16,17,18,21,33,74,93,108,119,124,126,137,140,142,144,148,151,153,156,156,162,163,166,166,166,170,175,174,176,175,176,174,174,169,165,127,55,48,38,31,29
28,37,36,36,35,34,32,35,35,37,34,37,35,38,36,36,33,30,33,33,32,30,29,29,23,26,27,27,24,27,27,27,27,27,27,30,29,30,29,30,21,23,20,23,24,24,23,21,23,20,17,16,16,14,11,11,11,11,12,14,15,11,12,14,11,10,11,10,11,10,11,12,10,9,9,10,11,15,11,11,14,12,12,12,16,15,17,14,15,17,20,23,50,84,105,119,124,129,135,137,140,146,147,150,151,156,158,162,164,162,164,165,169,175,173,175,175,175,175,174,170,165,155,91,52,42,35,30
32,33,33,33,31,30,34,35,35,36,36,34,36,34,34,35,33,29,31,33,30,33,26,27,25,27,27,27,27,28,29,27,29,27,27,30,31,28,29,27,24,21,24,26,21,24,23,20,18,18,16,15,17,15,11,11,11,11,12,11,11,12,12,10,12,10,10,11,10,11,12,10,10,9,9,9,15,14,12,12,12,12,12,14,15,15,16,16,16,16,18,20,27,70,98,114,124,131,133,137,139,142,148,150,149,155,156,159,162,162,165,164,167,172,173,174,172,176,176,171,169,168,162,143,63,48,39,34
30,33,33,35,32,32,34,36,35,35,37,35,36,34,36,36,33,33,34,35,32,28,25,23,27,26,24,27,26,27,27,27,29,25,26,30,30,30,27,28,20,21,21,20,20,21,17,20,19,18,18,15,16,14,10,12,14,11,12,11,10,11,10,10,12,9,9,9,11,10,11,12,11,10,10,10,12,14,15,12,12,11,14,15,12,15,18,16,17,16,16,18,23,38,88,111,124,129,134,134,138,141,144,149,149,150,156,155,157,158,164,164,167,173,174,173,174,173,174,170,169,168,165,154,137,58,47,36
31,33,33,35,32,33,36,35,34,35,32,34,35,32,33,30,33,32,33,32,30,24,21,27,26,27,25,26,27,26,26,28,27,26,26,27,27,30,24,27,26,23,18,21,20,21,18,17,20,15,18,17,17,12,12,12,12,11,14,12,10,10,11,11,15,10,7,8,9,10,11,12,9,11,9,9,14,15,11,11,12,14,12,14,12,16,15,16,17,16,17,16,20,25,73,102,118,129,131,133,137,142,144,147,145,150,154,155,154,158,161,164,166,170,172,173,172,173,172,174,170,170,167,160,153,119,58,40
31,33,36,33,35,33,35,35,33,33,33,34,37,34,34,36,34,32,32,29,29,27,27,26,25,25,26,26,21,28,27,27,27,27,27,27,27,27,24,27,26,20,20,17,16,20,21,16,15,17,20,17,16,14,11,12,8,12,12,12,12,15,12,12,14,11,9,7,9,11,9,10,9,10,8,7,12,12,11,11,11,12,12,14,15,15,15,17,16,16,17,15,18,20,40,89,108,122,128,132,135,139,142,142,144,148,154,156,156,160,159,159,163,167,170,169,172,172,172,173,170,172,168,162,158,148,83,54
30,35,34,35,36,34,35,36,36,28,35,35,35,34,33,31,29,34,33,28,28,27,29,27,25,26,27,27,21,24,27,26,29,29,27,27,27,27,27,24,23,21,17,18,17,20,18,18,17,14,17,16,14,12,12,11,11,11,14,15,15,15,15,12,12,10,9,7,7,11,9,10,10,9,8,10,11,11,9,11,10,11,11,14,12,12,16,16,15,16,17,16,18,19,27,75,103,116,125,130,135,139,141,141,139,147,152,155,155,159,158,160,162,164,168,169,169,171,172,174,172,170,169,166,160,155,141,62
32,32,31,32,33,33,34,37,31,34,33,33,35,30,30,31,27,28,29,29,30,29,27,25,26,26,24,24,26,24,27,27,27,29,27,27,26,27,24,26,23,21,20,20,17,23,21,17,16,16,14,14,16,11,12,11,11,11,14,14,14,14,12,10,12,11,11,9,7,10,11,9,9,9,9,9,11,10,8,10,10,9,12,12,11,12,15,15,16,17,19,16,18,18,23,44,94,112,117,131,134,136,139,138,140,144,151,153,155,158,157,159,163,163,167,168,170,171,173,174,171,171,170,169,163,159,150,133
31,31,33,33,34,34,32,35,33,32,35,28,33,34,31,34,32,28,32,33,29,27,27,27,27,26,25,23,27,26,26,27,25,26,27,27,27,27,26,24,23,24,17,17,14,21,21,16,15,16,16,14,12,10,11,10,9,10,12,14,12,14,12,11,10,12,9,9,6,7,10,12,11,9,8,10,10,10,11,11,9,11,11,12,12,11,12,15,17,17,19,16,18,18,21,25,73,102,115,128,131,136,134,135,140,144,149,155,154,157,158,160,161,163,164,166,168,171,173,171,171,169,172,168,168,159,154,148
33,30,33,32,31,33,34,33,35,35,34,33,32,34,33,31,33,32,33,34,33,29,27,27,24,26,25,24,27,27,27,24,27,26,29,27,27,27,24,20,21,20,20,18,17,20,21,16,15,14,16,12,15,12,9,11,8,9,11,14,15,12,12,11,8,10,9,9,8,7,8,10,8,8,8,7,11,10,11,10,12,11,11,12,12,12,14,16,15,15,18,18,18,19,19,23,38,93,113,121,128,133,132,136,137,145,149,153,155,156,157,157,161,164,164,165,168,170,170,170,170,169,171,168,166,162,156,153
29,32,32,34,32,32,30,32,33,34,28,31,31,30,32,28,29,33,29,33,33,31,27,25,23,26,23,27,27,26,27,24,26,27,27,29,24,27,23,23,21,23,21,15,18,18,23,18,16,14,16,15,14,11,11,10,8,10,11,12,14,11,12,12,9,9,9,11,10,8,9,9,9,9,8,8,10,12,11,9,10,11,12,12,12,12,12,16,12,15,17,18,18,18,17,20,27,79,106,119,125,129,132,133,137,141,146,150,154,157,157,159,161,163,164,165,168,169,169,168,169,168,170,170,164,162,157,149
32,32,30,33,30,35,33,34,34,31,33,32,30,31,29,28,33,33,29,27,30,27,24,21,21,23,24,26,23,25,26,24,21,24,24,21,23,27,23,20,20,20,18,15,18,18,21,21,17,17,18,16,15,11,11,10,9,11,15,14,12,11,11,11,9,10,11,10,10,5,6,10,9,10,9,10,11,12,11,10,11,11,11,12,12,12,12,12,12,15,15,16,17,17,19,18,23,42,91,109,120,128,129,131,133,137,147,149,154,155,155,157,161,164,161,167,164,166,168,166,167,168,168,171,165,163,160,152
32,33,33,37,36,34,35,34,34,31,33,35,32,29,27,31,32,29,29,30,27,27,27,24,24,23,23,26,26,27,27,27,25,26,24,20,23,24,21,23,23,20,17,17,14,17,21,16,17,17,17,17,15,12,11,11,10,11,14,15,14,14,15,14,12,10,10,11,9,7,8,11,9,11,10,10,11,12,9,11,11,10,11,16,14,12,15,15,15,12,14,16,16,16,19,19,21,26,75,104,117,126,128,127,131,138,144,148,151,154,154,158,159,160,162,164,163,163,165,164,165,165,167,168,167,163,158,156
32,32,33,34,36,35,35,34,34,31,33,34,34,33,31,33,29,27,29,27,29,27,27,27,24,26,27,24,25,24,27,27,27,27,26,24,23,24,21,21,23,18,20,17,16,15,18,18,18,16,17,15,12,12,11,8,9,9,11,12,15,14,15,14,12,10,11,11,11,9,8,6,9,11,10,10,11,12,11,10,11,11,12,15,11,12,12,12,15,15,12,15,16,16,18,20,19,21,37,93,110,122,127,127,128,135,139,145,150,152,152,157,158,159,161,159,164,164,163,162,165,166,165,162,166,163,159,158
32,32,36,34,34,33,35,34,34,33,29,36,33,33,32,29,29,29,28,27,28,27,26,25,26,21,24,23,26,26,24,26,24,26,26,26,18,23,20,20,18,19,20,18,18,15,18,16,14,15,14,14,12,11,11,11,9,9,11,11,12,11,14,15,14,12,6,10,11,11,7,6,9,10,11,9,12,11,11,9,10,11,11,12,10,11,12,15,14,14,16,16,16,15,17,20,18,19,27,73,102,113,125,124,128,132,137,142,145,151,151,154,157,157,158,163,161,163,163,162,162,164,165,166,164,163,158,157
29,31,37,32,31,29,31,32,33,34,33,33,31,29,29,33,30,27,26,28,27,29,27,23,24,24,23,24,23,27,21,27,21,26,25,24,21,20,21,23,21,20,20,17,18,20,15,17,17,15,15,14,11,9,11,11,10,9,10,12,10,10,12,14,11,10,9,10,10,11,9,7,8,9,11,11,11,10,10,10,9,10,12,12,12,11,14,12,12,14,14,15,15,16,16,17,17,18,24,41,89,107,121,126,122,129,137,144,145,149,150,153,155,154,157,160,161,162,161,163,162,162,164,162,164,164,158,158
32,33,36,33,34,34,30,30,30,29,28,32,32,33,30,32,31,27,24,27,27,25,24,23,23,21,23,25,24,24,23,26,25,24,26,21,24,21,24,20,21,20,17,18,17,21,17,18,16,12,15,15,11,11,10,12,11,9,11,11,11,10,14,11,11,11,12,12,11,11,11,10,7,10,10,11,12,12,11,12,11,11,11,11,12,12,14,16,15,14,15,14,15,17,18,18,16,20,23,27,72,101,116,119,121,125,135,139,142,146,151,152,152,153,154,158,161,160,160,161,160,161,161,162,165,164,159,157
30,32,34,28,31,32,33,32,31,31,30,34,33,32,30,30,27,27,29,27,27,26,25,25,21,23,24,23,24,21,26,26,24,21,25,24,23,21,24,20,21,20,20,17,17,19,17,17,15,16,14,14,9,11,8,12,11,11,12,12,12,12,9,11,11,10,9,12,10,11,11,9,8,10,11,11,11,11,11,12,10,9,12,12,10,12,14,14,14,15,14,15,17,16,16,17,18,18,24,26,38,89,107,120,120,126,130,136,142,146,148,149,151,150,151,157,158,158,158,160,160,161,161,160,159,161,161,159
33,33,32,32,33,31,31,30,32,30,28,31,33,33,27,28,32,29,28,27,28,27,25,24,23,21,24,24,25,23,20,23,23,21,25,26,24,23,23,23,18,21,17,17,16,17,18,18,16,16,17,14,11,11,11,11,11,8,15,14,14,12,11,12,12,9,11,11,9,8,10,9,9,9,10,10,9,12,10,11,14,11,9,10,12,12,14,15,14,15,14,15,15,15,17,16,19,18,18,19,26,68,98,114,120,123,130,135,135,144,147,146,150,152,152,155,157,156,158,158,159,161,161,161,160,160,160,159
32,39,32,29,32,32,31,30,34,34,33,30,33,27,30,28,27,26,27,29,27,25,24,24,24,24,19,27,25,21,24,24,25,20,24,24,21,21,23,20,18,18,16,17,15,17,17,17,17,17,17,15,12,10,12,11,12,11,10,14,16,14,12,12,10,11,10,11,11,9,10,7,10,7,8,9,11,10,10,12,12,11,11,11,12,12,12,12,16,15,12,16,15,17,15,18,17,17,19,19,23,39,89,106,117,120,125,132,134,142,143,145,149,149,152,153,154,153,155,158,158,159,157,161,161,157,158,159
32,33,33,35,33,32,31,31,34,33,34,32,30,30,31,29,27,27,24,27,27,25,26,25,21,21,21,23,25,26,23,25,25,21,24,24,23,23,21,21,20,19,17,17,17,16,14,20,17,14,14,16,12,12,11,11,12,12,11,12,15,16,14,14,12,12,11,11,9,10,9,7,10,8,9,9,10,11,8,12,10,11,12,12,11,14,12,14,16,14,14,14,16,16,16,16,18,16,20,18,23,29,54,99,114,118,124,130,131,139,143,144,147,148,149,152,152,153,153,156,155,157,156,159,159,157,155,156
32,33,32,29,27,30,31,28,33,33,30,30,30,30,34,28,29,27,27,27,27,27,26,21,19,23,23,26,21,24,23,23,23,21,23,23,23,19,20,20,18,18,18,17,18,16,12,15,14,15,14,10,9,11,11,12,12,14,11,14,12,15,15,15,14,11,11,12,10,12,9,10,11,9,8,10,9,11,9,9,9,11,10,12,12,12,14,12,12,15,14,15,14,16,16,16,17,15,16,18,20,25,31,87,105,114,120,129,132,134,139,139,145,146,148,150,151,150,151,154,154,155,156,158,156,155,155,152
33,29,30,32,27,28,31,28,32,30,30,33,30,27,30,28,27,25,28,27,27,26,25,19,21,19,21,24,21,24,23,24,23,25,24,21,21,20,18,18,16,17,17,17,18,17,12,15,12,14,16,12,10,11,9,12,14,14,14,12,14,14,15,15,14,14,14,12,12,12,10,9,9,11,10,11,11,11,10,8,11,9,10,11,10,8,12,12,12,15,16,16,12,14,16,17,18,18,17,18,17,23,25,52,97,109,117,125,131,135,136,140,144,145,147,148,151,150,150,153,152,154,156,157,155,155,153,155
32,32,31,29,32,31,33,30,29,33,30,31,32,28,31,27,30,27,29,28,25,27,24,23,25,23,21,23,19,21,24,24,25,23,23,24,25,23,21,19,16,17,20,18,18,18,12,12,16,12,14,12,8,11,11,12,16,12,14,11,14,17,15,16,15,16,17,14,15,14,9,8,11,12,9,9,15,11,12,12,11,10,9,12,14,10,12,10,12,12,15,14,14,15,17,17,18,23,19,19,20,20,23,30,80,102,113,121,129,133,135,139,142,142,146,147,147,149,150,152,154,154,155,155,155,154,153,152
30,31,31,29,32,32,30,32,30,28,32,29,32,30,30,27,29,27,28,27,27,27,27,23,23,23,20,21,23,20,21,19,24,21,21,25,21,21,19,21,17,14,16,16,15,18,15,14,15,12,11,12,12,11,12,12,12,12,11,12,14,16,16,17,16,14,16,15,16,14,14,9,11,10,11,11,12,12,12,14,12,10,11,12,11,12,14,12,14,11,11,11,14,12,14,14,17,19,21,17,20,23,23,23,44,92,107,118,125,131,136,137,136,140,141,146,147,148,149,151,154,154,154,154,155,153,153,153
25,29,27,27,29,30,27,35,29,31,31,29,26,27,28,30,27,24,24,26,27,23,25,17,17,18,18,23,20,20,23,18,21,21,19,16,23,21,17,20,19,11,14,9,12,15,17,16,11,10,11,10,10,12,14,10,12,11,7,9,12,14,11,15,16,15,16,12,12,12,11,7,9,6,11,11,12,14,10,11,11,9,14,15,12,15,12,15,10,12,14,10,14,10,11,15,15,17,19,16,17,18,17,17,25,75,101,112,118,126,130,132,132,138,139,141,142,143,147,151,151,150,152,151,152,153,151,153