49,50,44,37,16,10,15,27,35,40,41,41,43,44,44,41,42,44,42,41,42,39,41,37,37,37,35,38,37,38,42,41,40,45,45,46,46,44,45,49,44,41,48,46,43,42,42,41,42,39,42,39,35,35,35,34,32,27,28,29,23,25,31,36,44,48,50,51,55,53,56,54,47,45,45,38,40,39,38,34,29,31,37,44,44,42,40,44,42,49,47,45,50,50,49,51,54,55,57,52,57,57,57,58,58,58,56,55,60,61,58,57,57,57,58,57,59,60,61,62,65,67,66,65,64,62,59,61
47,50,45,24,11,9,17,27,33,40,38,39,40,43,42,40,40,39,42,41,39,39,42,35,37,35,37,36,35,39,41,38,43,40,45,46,42,43,45,46,44,40,43,43,45,39,41,42,41,41,40,38,33,35,34,35,31,27,26,26,20,22,27,35,40,44,49,51,56,52,55,53,47,41,44,38,36,38,35,35,31,31,35,40,39,40,42,42,41,45,44,45,47,49,50,51,54,55,55,54,57,59,57,58,60,59,55,54,57,58,58,58,56,58,56,59,58,58,60,60,61,64,66,69,69,68,64,67
47,46,43,19,13,10,19,31,34,39,39,40,40,41,40,41,39,40,40,38,38,41,41,38,34,34,33,34,36,39,39,40,42,41,43,45,42,43,45,43,45,42,43,43,43,38,39,41,41,40,40,39,36,37,34,36,31,27,26,25,21,21,30,32,37,45,50,50,53,51,51,51,46,43,38,39,35,39,37,39,34,31,34,36,40,40,41,45,38,43,44,43,45,50,48,51,56,55,54,54,58,58,62,58,57,59,55,53,55,59,55,58,56,59,55,56,60,60,58,61,61,60,61,59,63,67,69,72
47,46,43,19,10,9,22,28,35,38,38,40,41,39,40,39,38,40,42,42,38,38,37,37,35,35,36,36,37,39,43,39,40,43,44,44,42,42,43,45,47,43,44,43,40,39,39,41,38,40,39,35,37,33,36,35,35,26,25,26,25,19,25,35,41,43,48,54,50,49,50,52,48,45,42,41,39,37,37,37,36,31,33,34,35,37,36,39,41,41,44,48,47,48,50,51,51,53,55,51,56,59,61,59,60,57,54,53,54,58,57,58,59,58,56,56,58,57,57,58,60,62,60,59,59,62,63,69
43,43,36,15,12,10,23,28,36,39,38,40,41,40,41,39,35,39,41,41,36,37,38,35,35,34,33,36,36,36,41,39,39,41,42,40,42,43,42,45,46,43,43,45,39,40,39,38,40,39,39,36,34,32,36,34,32,27,25,22,24,22,25,37,39,41,46,53,51,50,49,49,46,42,40,39,37,34,36,36,40,37,38,34,40,40,44,42,42,42,44,47,47,45,49,51,50,54,54,53,56,55,59,60,61,58,56,53,52,58,58,60,58,55,59,55,55,56,58,58,59,64,62,62,57,62,57,66
48,44,32,12,9,10,26,31,37,38,37,36,40,40,40,38,36,40,41,40,38,37,35,36,31,35,36,33,35,37,40,38,42,41,41,43,41,42,43,44,45,44,45,42,43,41,39,41,39,38,38,38,33,33,32,33,32,28,27,23,24,20,22,36,35,42,45,51,52,49,50,49,46,43,38,36,37,37,38,41,50,105,59,37,38,39,41,42,42,42,46,43,45,47,49,50,50,55,54,57,55,55,57,58,58,59,55,55,53,57,59,59,55,53,55,56,53,58,58,57,58,59,59,60,53,57,56,63
46,39,23,13,8,14,28,31,37,40,39,39,42,43,40,42,40,38,37,38,38,36,36,31,34,36,33,34,34,35,41,38,40,42,47,45,43,43,44,45,46,43,43,42,41,39,39,40,36,37,38,34,32,32,35,33,33,26,26,23,24,20,20,34,39,43,46,49,53,51,49,46,45,46,43,38,37,37,37,43,126,206,205,40,37,36,37,41,43,41,43,45,46,49,48,50,50,54,54,53,55,53,55,58,61,59,55,52,55,56,59,59,56,54,55,56,55,51,56,54,55,58,59,61,53,53,55,60
45,40,17,12,11,17,29,35,38,39,38,38,40,41,41,42,40,39,37,39,40,38,36,34,32,33,33,33,35,38,39,39,38,41,46,44,43,43,44,44,46,42,43,42,39,39,39,38,38,36,36,35,31,32,33,31,32,26,24,22,23,20,20,32,37,46,45,46,49,51,46,47,46,42,38,35,35,35,38,57,192,205,203,49,39,38,37,38,39,44,44,44,48,48,49,50,52,51,51,52,54,53,55,57,60,59,56,53,54,55,59,57,56,55,58,58,57,53,56,53,53,55,57,59,57,56,56,58
43,39,14,9,9,19,29,33,35,37,40,37,39,39,40,41,37,37,37,39,38,37,36,34,33,31,33,32,33,35,35,39,36,41,47,45,45,44,45,45,44,42,42,42,40,39,37,36,36,37,37,35,30,34,32,32,32,26,24,24,24,22,18,26,39,47,48,48,47,47,46,45,44,42,37,35,31,31,40,96,193,201,202,54,39,38,37,37,38,43,44,46,46,49,48,48,49,52,49,51,54,52,54,57,59,59,56,53,54,53,57,55,59,57,55,56,62,56,56,54,52,55,53,56,54,54,53,55
40,32,12,9,10,26,30,34,38,37,38,37,38,41,39,40,38,36,36,35,38,38,35,33,30,31,32,33,36,36,36,39,38,41,43,46,47,46,43,45,43,40,40,40,40,39,39,39,37,37,35,35,33,34,33,31,32,27,24,21,23,21,18,21,33,47,49,50,48,46,48,48,43,42,37,34,33,30,40,167,189,198,205,63,37,38,36,37,38,41,44,44,46,49,48,50,46,49,50,52,54,54,55,57,60,58,58,54,54,54,58,59,58,56,55,54,57,61,59,54,53,54,55,54,52,54,52,55
44,28,9,9,11,27,33,36,42,40,37,39,37,41,37,38,36,36,39,38,36,36,35,32,31,32,33,34,36,36,36,38,39,45,46,44,47,44,42,45,43,41,39,40,36,39,36,36,38,38,35,35,36,32,32,28,33,28,23,22,24,19,21,22,30,42,48,48,49,52,48,42,41,42,36,35,33,29,46,172,188,195,210,112,38,39,37,36,38,39,41,47,43,47,47,50,48,49,55,50,50,52,55,55,55,59,57,53,54,55,54,58,58,53,54,52,52,58,63,59,54,52,53,51,53,50,50,51
41,25,12,12,18,31,33,36,38,43,38,40,40,38,37,37,36,38,37,38,37,35,33,37,33,32,32,33,37,36,36,37,43,46,47,49,45,42,38,41,42,42,40,42,38,39,37,38,38,38,37,35,34,33,33,32,31,26,22,24,24,23,22,22,30,42,46,46,48,52,47,43,39,38,37,35,32,29,74,177,186,192,206,150,39,39,36,35,37,40,40,41,47,46,48,51,50,51,50,51,49,53,56,57,56,59,57,50,53,54,56,55,57,52,53,52,54,53,59,65,65,58,54,51,53,51,50,52
45,18,12,10,17,32,32,37,36,37,38,36,37,36,37,39,38,35,36,39,37,35,32,33,33,31,34,31,32,36,35,38,44,45,48,49,43,40,40,39,41,40,40,40,37,39,36,39,38,35,36,35,33,31,30,32,31,28,23,22,23,22,22,20,28,41,46,45,49,48,46,45,44,38,36,30,31,30,127,180,186,188,201,199,45,38,39,37,39,40,38,39,41,46,51,50,51,50,51,51,54,50,56,59,54,55,60,52,50,54,55,55,55,52,55,51,52,54,55,62,65,65,59,56,49,50,49,51
42,14,10,8,19,32,33,34,35,36,37,37,36,36,36,38,38,34,34,40,36,37,33,33,31,31,32,30,33,32,34,39,42,47,46,48,43,41,41,40,40,40,41,38,38,37,37,37,36,34,35,36,31,31,29,28,31,29,24,23,22,22,23,18,27,38,46,46,45,44,46,46,45,39,37,32,33,35,151,179,185,189,200,204,49,41,40,37,40,39,39,43,43,43,50,50,51,49,51,53,54,46,53,55,58,57,62,53,49,53,55,54,58,55,53,54,54,54,54,59,61,67,66,61,58,51,51,54
37,12,9,8,21,30,33,35,35,36,38,40,36,37,38,38,40,35,36,36,36,35,33,32,29,31,30,31,32,33,35,38,39,43,48,47,42,41,40,42,40,38,38,39,38,39,35,37,36,37,33,35,33,33,30,32,32,29,23,22,21,22,25,24,30,35,44,44,44,43,44,45,43,42,36,36,35,39,154,176,184,187,195,207,60,37,36,38,42,40,39,41,41,42,46,49,51,51,52,50,52,49,50,52,59,54,62,57,51,56,57,58,59,58,58,51,52,54,55,56,56,63,64,66,63,58,53,54
31,8,9,8,25,29,34,35,35,36,37,39,37,38,39,37,37,35,34,37,36,36,34,33,30,30,30,31,32,35,33,35,37,40,44,41,42,40,41,40,39,39,37,37,35,38,34,37,33,34,35,33,30,31,31,29,29,30,26,20,21,21,24,21,26,36,43,44,41,41,43,43,41,41,38,38,33,40,153,172,179,184,191,202,159,39,39,37,37,37,37,40,41,41,43,45,51,50,50,51,51,53,55,48,51,52,55,53,50,53,54,54,55,56,56,53,50,51,53,56,56,61,63,67,68,66,61,57
25,8,8,14,27,28,35,35,35,33,35,35,35,39,38,37,36,33,35,36,37,37,33,32,32,30,31,32,32,35,35,36,37,36,40,39,40,41,41,39,42,40,38,39,36,35,34,35,33,33,34,31,30,30,30,29,29,28,27,20,19,22,24,19,26,40,45,43,42,41,44,41,39,38,39,37,32,41,153,170,177,182,191,196,188,39,37,38,36,36,38,38,41,42,43,44,47,48,51,52,51,52,55,55,50,52,54,51,50,50,49,51,55,51,53,54,51,50,54,54,54,62,60,65,66,69,69,67
16,6,6,16,27,32,33,35,33,36,38,36,37,37,37,40,36,35,36,36,36,36,34,31,32,29,31,30,31,31,34,37,34,38,40,39,43,39,39,36,42,39,36,36,35,33,35,36,32,32,33,32,32,30,29,29,26,30,29,22,19,20,21,19,26,35,42,44,44,41,40,39,40,37,39,36,31,41,150,164,173,183,190,191,196,46,38,37,38,35,37,38,42,44,43,43,45,48,49,51,51,53,50,54,54,52,52,52,49,53,52,53,53,49,52,53,52,52,49,53,54,57,58,59,68,68,69,69
12,7,8,23,28,32,33,35,33,37,36,32,37,38,37,36,36,33,33,36,35,35,35,31,29,31,32,32,33,32,33,34,37,37,39,36,38,42,39,37,39,38,39,37,34,33,35,39,33,32,32,32,30,30,29,28,28,29,26,22,16,19,21,23,28,35,41,43,45,41,39,42,40,38,39,39,33,43,147,160,167,177,184,189,197,79,35,36,37,33,34,33,37,42,40,44,45,45,48,51,52,53,51,54,55,54,53,52,49,51,50,49,52,51,52,53,51,53,53,53,56,58,59,58,61,64,69,71
10,8,5,25,32,34,35,35,34,36,35,37,40,38,37,36,35,35,34,38,36,36,35,31,34,30,32,29,32,31,32,37,39,38,38,39,37,38,36,38,36,37,36,34,37,36,33,35,35,34,36,33,31,31,26,29,26,29,27,23,18,20,22,20,30,37,39,41,44,45,41,40,41,37,38,35,38,44,145,157,162,167,176,185,195,157,41,37,41,37,36,35,36,37,39,46,47,45,45,47,49,50,54,54,55,57,59,55,52,54,51,53,50,48,51,51,50,51,52,52,53,58,57,54,59,57,65,66
6,2,7,29,29,32,33,36,35,34,36,37,40,38,37,35,36,34,36,37,37,33,34,32,32,31,31,29,32,30,31,32,38,39,44,37,36,36,34,35,36,37,38,35,37,36,34,32,38,40,38,39,32,32,29,29,25,28,28,23,18,19,20,21,30,36,38,37,41,43,42,39,36,34,36,37,36,46,137,156,156,159,171,184,188,175,40,37,39,39,35,35,38,36,39,44,48,49,43,45,45,52,52,51,51,54,57,54,53,53,55,55,53,48,46,44,47,49,50,53,52,56,56,54,56,53,60,65
6,6,14,27,31,34,33,36,35,36,37,37,36,37,37,37,37,32,33,36,36,36,34,31,32,31,31,30,34,33,31,31,39,39,44,40,36,33,34,35,36,35,37,36,34,36,34,37,43,82,117,62,40,33,30,29,25,28,31,26,19,21,18,22,29,37,38,38,41,43,43,41,40,37,36,35,35,39,130,154,153,157,169,182,188,185,44,39,37,36,35,35,37,36,37,42,45,50,45,47,45,46,54,51,48,50,54,52,55,53,53,54,56,55,52,45,42,47,49,52,51,55,56,54,54,55,55,65
4,6,17,27,31,34,35,38,37,35,35,35,41,37,37,38,36,30,31,35,37,34,33,32,31,32,30,30,32,32,32,31,38,35,42,39,36,35,36,35,37,36,33,33,35,33,35,36,67,211,225,225,161,49,37,29,29,31,29,28,21,19,17,21,32,38,39,40,42,43,44,38,36,37,35,35,35,36,118,148,153,157,165,175,186,189,51,35,35,39,38,37,37,39,37,39,45,48,46,44,45,44,50,52,52,48,48,48,49,53,50,48,53,50,52,51,50,51,49,47,50,52,52,57,56,57,56,61
7,4,19,27,32,32,36,36,34,34,37,35,40,37,38,37,35,31,31,35,35,33,30,31,30,31,31,31,30,31,32,31,35,36,36,38,36,35,35,33,35,36,33,34,35,35,35,44,172,204,214,221,223,216,66,35,30,29,28,26,23,19,17,23,31,37,40,41,42,44,42,40,37,37,35,35,33,35,85,145,155,153,160,167,181,193,78,37,35,36,38,38,39,41,38,44,47,50,49,47,45,45,44,51,53,49,48,45,47,48,48,45,48,48,47,47,47,50,47,50,49,50,52,53,54,57,59,62
7,4,20,23,32,32,34,35,35,33,36,34,35,35,35,37,37,32,30,34,33,32,29,32,30,31,30,32,32,32,31,32,34,36,38,37,36,36,37,33,33,35,35,35,35,32,35,46,180,195,204,208,206,218,221,78,36,30,27,27,25,18,16,24,32,35,42,39,40,41,44,41,38,36,36,36,34,32,58,142,152,151,156,163,178,196,168,38,35,35,36,35,37,42,38,43,46,47,48,47,47,49,47,50,52,50,47,47,46,50,48,47,46,46,44,46,45,48,45,48,47,53,53,51,52,54,56,60
10,6,23,28,33,33,36,36,36,35,34,33,35,35,35,37,36,33,31,35,36,34,29,30,31,30,30,30,31,35,33,30,33,35,37,38,37,38,35,35,33,36,35,32,33,33,35,50,172,181,189,193,197,207,216,220,87,37,30,27,27,20,16,25,29,36,41,40,38,35,40,43,39,36,35,36,33,33,45,137,151,153,156,159,176,193,193,43,35,35,35,35,36,40,40,41,46,44,45,49,47,49,46,48,51,58,49,46,45,49,49,48,45,44,47,45,49,46,45,46,45,51,51,53,49,50,54,59
6,11,26,29,30,33,35,35,35,35,33,35,35,35,34,35,31,33,31,35,37,33,31,28,28,29,33,31,30,33,31,33,33,36,35,36,37,36,35,36,35,35,34,33,33,33,35,46,155,169,170,177,183,195,203,209,218,158,39,30,26,22,15,24,30,36,39,38,40,36,40,42,40,38,37,35,31,32,40,130,152,154,153,163,175,184,203,59,35,34,33,37,35,39,38,40,44,43,46,46,44,48,47,46,49,51,54,47,47,49,48,52,47,45,47,46,46,50,46,46,48,47,45,49,55,47,49,53
5,19,29,30,32,35,36,36,35,36,33,35,35,33,34,35,34,32,30,34,34,30,31,30,28,26,28,28,33,32,34,31,32,36,36,36,35,33,36,36,34,31,35,33,34,32,31,40,134,153,160,168,173,183,190,195,211,224,183,46,30,24,16,25,31,33,37,39,39,38,38,41,38,37,34,33,31,30,35,96,147,151,154,163,170,182,203,174,39,34,34,34,32,36,37,41,41,46,48,45,47,48,48,48,52,50,50,49,45,45,47,50,46,44,43,41,43,47,43,39,41,43,41,44,50,46,44,47
5,20,28,31,33,32,36,33,32,31,34,34,32,35,35,34,35,32,33,31,32,33,33,33,30,27,28,29,30,32,33,31,32,35,36,35,34,35,34,37,34,33,36,31,33,33,32,35,76,138,150,160,166,179,180,185,200,210,222,211,55,29,19,26,33,33,35,36,39,40,37,39,39,40,36,35,30,29,32,60,144,152,158,163,170,182,196,202,55,38,34,32,35,36,38,39,39,44,45,45,46,48,48,48,47,48,47,48,47,45,50,50,49,44,42,42,42,44,44,39,38,39,41,41,46,48,44,44
9,20,24,30,33,32,34,33,35,34,32,35,33,37,35,32,35,33,32,31,31,31,30,32,30,29,26,28,29,31,31,31,32,35,35,35,33,35,34,34,33,33,32,33,33,32,33,35,41,95,134,151,160,171,176,182,187,197,207,219,221,71,29,29,33,35,38,36,38,37,36,36,36,38,38,35,33,30,31,42,138,152,154,165,171,180,187,204,163,40,38,36,35,37,38,39,41,43,48,48,45,47,48,47,47,48,47,44,44,46,47,47,48,44,42,39,42,44,42,40,41,39,38,43,44,52,49,48
6,21,28,30,31,33,34,32,33,35,33,36,34,36,34,32,35,31,32,29,30,30,28,30,29,30,28,29,30,31,31,33,31,33,35,34,32,34,35,31,35,32,31,32,30,31,29,31,37,44,93,132,146,159,167,177,183,191,193,201,216,216,44,32,33,33,32,38,38,37,39,37,36,32,36,36,32,31,31,34,130,151,154,162,170,180,183,195,199,49,37,32,31,33,35,35,40,41,48,48,43,44,48,44,44,45,45,41,42,45,45,50,49,45,43,46,44,44,44,44,40,40,38,42,43,52,51,48
12,21,28,30,31,32,33,34,34,34,33,35,35,36,35,34,36,32,34,30,29,28,28,30,29,29,29,30,29,26,31,33,33,32,36,34,36,33,34,32,34,33,31,33,32,31,31,33,31,36,42,99,136,146,155,166,174,179,183,184,197,212,214,48,37,32,34,34,35,34,38,39,34,32,33,36,34,32,29,29,107,150,153,160,167,174,183,189,198,170,40,35,33,33,34,36,38,41,41,41,44,43,47,45,45,48,47,43,44,42,48,48,48,47,47,45,46,45,44,44,41,42,39,42,43,48,56,56
14,23,29,31,32,34,34,33,32,34,35,31,34,35,34,33,33,33,29,29,30,30,29,30,29,29,27,30,31,27,29,32,32,32,36,34,36,33,33,32,34,32,34,34,33,33,33,31,31,33,36,47,106,133,150,161,165,169,172,173,183,197,218,215,52,38,36,37,37,38,36,41,39,36,36,36,37,30,32,29,58,152,156,160,164,171,184,189,197,197,51,35,31,32,36,37,38,42,42,44,46,47,46,48,47,47,49,40,39,41,43,46,47,47,47,44,43,43,43,42,43,41,35,39,40,43,50,57
12,25,34,33,33,35,34,32,35,35,33,31,33,33,31,31,31,30,30,31,31,29,28,31,30,27,27,29,28,28,28,30,30,32,36,33,34,30,31,31,33,30,32,35,34,34,33,29,31,31,31,31,45,108,137,151,158,162,165,161,169,189,204,219,217,54,37,34,34,39,39,40,36,33,36,30,33,33,33,31,46,150,156,159,165,172,183,188,196,201,153,39,31,30,31,34,37,39,42,44,45,48,48,47,43,47,46,41,39,41,39,44,47,46,49,43,40,43,44,44,43,42,39,41,42,43,51,57
18,26,28,30,31,37,36,34,37,35,33,32,34,33,30,33,31,30,29,30,30,30,27,30,28,27,27,25,31,29,29,32,31,35,33,34,31,33,34,34,34,32,34,33,34,33,31,31,31,29,30,31,33,43,111,139,147,156,162,159,163,183,191,203,219,212,59,38,36,38,39,39,39,35,34,32,30,35,31,31,40,148,148,161,165,176,183,188,194,200,196,44,34,33,32,33,37,37,38,42,45,46,46,47,47,47,47,41,40,40,43,42,45,50,47,47,45,46,44,45,46,46,43,42,39,43,50,60
19,26,29,33,33,36,35,34,34,34,32,32,33,32,30,30,30,30,32,29,29,30,29,29,29,29,26,29,29,30,30,31,30,32,33,34,33,34,32,31,31,29,31,32,33,32,31,34,33,29,31,28,30,30,40,102,136,145,153,159,165,174,179,189,203,216,216,78,41,37,40,40,39,40,34,31,31,30,31,29,34,136,149,163,167,177,181,187,195,196,198,87,35,32,30,32,40,37,40,42,44,45,48,46,44,46,46,41,41,39,38,42,39,40,46,46,45,46,44,46,44,45,44,42,41,44,48,59
20,28,34,31,33,35,36,34,34,35,34,32,35,32,31,31,29,29,27,29,27,29,29,26,28,27,27,30,30,32,29,30,30,30,36,32,34,32,32,32,31,30,32,35,35,32,32,31,30,30,28,29,29,29,26,36,91,135,142,149,166,167,176,178,190,206,215,220,128,46,39,40,39,38,34,33,31,28,29,30,31,145,156,163,170,177,184,190,195,194,200,179,38,34,31,32,38,39,39,40,40,45,45,44,45,45,43,41,40,39,38,39,39,38,40,42,45,44,45,44,49,45,47,48,43,44,48,51
25,28,32,31,33,33,35,34,34,35,32,34,35,33,31,31,30,27,28,26,26,29,29,26,26,26,27,28,29,30,30,32,30,31,36,33,34,32,31,30,30,31,34,36,38,33,35,34,32,30,29,26,29,25,26,28,33,113,134,143,161,161,170,175,182,193,203,217,220,182,55,43,40,37,37,32,32,31,28,28,33,150,161,163,171,179,181,185,193,194,197,189,41,36,32,32,34,37,38,41,41,46,47,43,47,47,45,42,40,39,38,40,43,35,39,40,45,45,47,46,46,43,43,47,46,46,44,50
25,30,31,31,33,33,31,33,31,33,32,30,31,33,29,30,29,29,28,26,26,27,28,27,26,26,28,29,29,29,30,29,28,31,32,32,32,32,28,32,30,34,41,86,77,50,37,35,30,29,30,29,29,28,28,24,21,42,115,139,152,161,164,168,173,180,186,193,212,216,210,73,46,40,38,35,30,30,29,27,33,160,161,161,166,172,180,182,189,193,200,193,47,37,33,32,34,36,39,40,44,45,44,43,44,46,47,39,39,41,41,37,39,38,38,36,38,40,44,46,44,44,44,44,47,47,43,46
29,30,31,33,35,35,31,32,33,32,31,30,30,32,29,29,29,29,26,25,26,26,30,28,25,25,26,29,28,29,29,29,29,32,32,33,32,32,30,28,31,39,116,210,216,202,70,41,36,30,30,30,28,26,29,24,19,27,57,123,145,154,159,162,168,170,175,187,201,205,209,211,119,50,42,40,31,30,30,30,36,164,163,163,168,171,175,176,183,189,195,198,58,36,32,33,34,38,39,40,40,42,42,46,41,46,46,41,41,39,40,41,38,38,38,35,35,38,44,49,44,41,40,43,45,48,47,49
30,29,30,32,35,35,36,34,33,32,33,30,30,29,28,28,29,28,27,29,28,28,29,28,27,24,27,30,29,30,30,28,31,31,32,33,34,34,31,30,29,51,192,209,213,214,211,178,49,34,33,29,27,27,27,25,18,22,29,75,130,145,152,159,160,161,166,184,190,193,202,212,208,178,57,42,38,31,29,32,44,168,170,168,174,176,175,174,181,186,187,198,135,34,33,31,32,37,40,38,41,42,42,44,44,45,47,41,42,42,40,43,42,40,38,38,32,33,37,43,46,44,44,46,44,47,48,48
32,30,30,31,32,33,36,37,34,34,34,34,31,32,29,31,30,30,29,26,27,29,26,25,27,23,25,25,27,29,29,30,28,30,32,35,31,32,29,30,31,73,187,198,200,200,202,209,202,60,37,32,31,30,24,22,21,19,23,34,80,133,145,153,153,153,164,179,183,190,197,203,204,206,198,142,50,41,36,39,156,179,175,172,174,176,174,176,179,183,183,190,185,40,34,32,31,36,41,41,40,41,40,42,43,46,50,39,40,42,39,39,42,42,41,40,37,35,32,37,44,46,41,44,44,44,47,46
28,30,31,34,33,30,32,34,33,32,31,33,30,31,29,30,31,29,29,29,26,27,25,27,25,23,28,29,29,28,26,30,28,30,33,31,34,33,31,31,30,118,175,176,187,189,194,199,207,198,152,43,33,28,29,23,23,20,20,24,32,97,131,143,144,147,165,174,175,183,193,198,199,202,198,202,194,178,160,168,179,179,176,171,174,173,169,172,173,180,184,191,193,48,34,32,30,32,39,41,44,42,40,42,41,43,47,42,38,38,40,40,40,41,42,39,38,35,34,32,36,44,43,45,44,43,44,43
26,30,28,32,32,30,34,37,32,32,34,29,30,31,29,28,29,27,29,27,25,24,25,27,27,24,26,28,29,26,28,27,28,28,32,33,33,30,30,32,33,122,161,159,167,177,183,183,190,190,198,190,95,37,29,24,22,21,19,19,22,34,106,130,134,150,165,169,173,181,186,191,196,196,191,198,195,189,186,174,179,178,173,168,172,172,172,169,172,174,181,185,194,99,33,35,32,28,38,45,41,44,42,41,41,44,47,40,39,39,39,41,40,38,41,39,37,36,35,34,34,39,40,43,44,42,45,46
29,31,31,34,35,32,31,34,32,31,30,30,30,30,29,30,29,29,27,24,25,24,25,28,27,25,25,27,26,26,27,28,29,28,30,34,32,34,33,33,34,101,147,150,158,166,174,174,175,178,188,193,195,167,54,32,25,22,19,16,16,23,40,113,128,150,162,165,172,177,180,185,189,186,183,195,192,192,178,177,178,174,171,169,168,171,172,169,172,173,179,183,189,174,38,31,32,28,31,41,44,43,40,41,40,44,46,40,36,38,40,40,39,38,38,39,36,33,37,32,30,33,38,41,44,48,47,45
33,29,31,34,32,31,32,35,30,32,30,28,30,29,29,31,29,29,26,27,24,24,26,25,24,24,25,25,27,28,27,26,28,26,31,31,29,32,32,33,33,50,128,141,152,161,170,172,163,171,178,183,185,189,185,151,39,27,20,19,16,19,30,50,126,144,160,164,170,172,176,178,180,178,183,190,191,188,181,173,172,169,165,165,168,172,169,164,170,173,179,180,187,187,48,31,28,31,31,38,44,43,42,41,40,41,46,42,38,38,34,37,38,37,39,38,40,37,39,37,33,33,36,42,44,47,47,53
33,34,32,31,31,31,33,33,31,30,29,30,27,29,29,30,28,29,27,26,25,27,24,26,22,23,24,27,26,25,29,28,28,29,30,31,30,29,31,32,31,35,78,117,140,153,160,162,161,167,175,175,172,178,181,178,172,63,26,21,13,18,26,33,69,150,160,162,167,168,170,172,174,171,176,181,189,182,181,166,164,163,161,165,168,168,169,165,168,173,180,176,180,188,95,32,32,32,32,35,45,46,42,41,40,41,41,38,39,38,38,36,38,37,37,36,38,36,35,38,35,31,30,33,40,44,42,41
30,30,33,32,31,33,31,29,30,29,30,29,29,28,29,29,29,26,26,26,26,24,26,24,22,23,24,26,27,28,27,26,30,27,30,31,28,31,30,30,31,29,35,58,106,135,145,153,154,160,167,166,166,170,167,173,178,174,100,30,21,20,26,31,48,155,165,162,163,162,166,168,166,168,167,180,181,179,170,163,159,159,159,165,167,166,167,165,166,167,170,174,180,189,168,35,30,31,31,32,39,45,42,41,43,42,44,38,38,39,39,36,36,39,37,39,39,37,35,38,36,35,35,35,39,40,38,36
32,31,31,32,31,34,32,29,30,30,29,29,29,29,30,27,28,26,26,24,26,23,24,23,23,20,25,24,27,26,27,28,28,29,30,31,31,33,31,29,29,31,28,32,49,100,121,136,150,156,162,161,164,164,158,167,174,175,172,154,39,23,27,30,55,160,165,159,159,160,164,164,163,164,169,173,176,169,161,158,153,158,157,163,165,166,164,166,165,167,165,169,174,183,187,44,30,31,29,32,36,44,43,41,38,40,40,37,39,39,42,41,39,38,37,40,43,36,36,36,37,34,35,39,42,37,37,38
31,31,33,33,33,32,31,30,28,28,29,26,30,30,30,29,30,25,27,24,24,23,25,24,22,22,23,24,27,26,26,24,26,29,33,32,32,35,32,32,31,29,30,29,31,42,81,116,135,146,158,159,161,156,155,160,171,175,180,172,159,76,34,34,123,161,163,160,158,155,156,160,156,160,165,167,167,161,158,149,151,153,154,162,161,164,161,165,164,162,162,166,172,174,185,66,31,29,31,31,34,44,45,39,39,39,40,35,37,38,38,38,36,36,37,37,40,39,36,37,35,36,34,39,42,42,41,42
27,31,30,30,28,33,34,31,30,30,28,27,27,29,27,30,29,26,25,23,24,24,25,24,23,22,23,24,27,27,29,25,26,28,30,30,32,33,31,31,30,29,30,29,30,33,39,66,110,134,145,152,158,154,157,157,164,173,180,176,171,152,130,57,157,162,160,158,158,152,154,155,151,156,158,156,158,154,152,150,150,151,154,160,157,158,157,161,161,161,164,168,171,172,183,149,33,31,30,32,32,41,45,44,40,42,40,40,38,41,40,36,32,35,35,36,37,39,39,37,36,38,39,41,43,40,44,45
29,32,30,29,29,30,33,29,30,29,28,28,27,29,26,29,28,28,26,24,24,26,23,23,23,20,22,23,23,24,27,27,27,29,30,29,30,31,30,31,29,29,29,31,31,27,33,33,45,102,131,139,148,147,153,159,160,170,177,176,172,165,151,145,166,162,162,159,157,156,155,152,148,151,153,152,151,151,151,151,151,150,152,154,154,156,157,160,161,163,165,164,166,168,177,169,38,32,30,31,34,39,42,46,41,39,41,38,38,42,37,35,36,39,37,36,38,39,41,37,41,41,41,43,47,43,46,51
30,29,29,29,29,32,32,32,28,28,28,26,27,28,27,25,27,27,26,23,23,25,22,22,21,20,22,24,25,26,26,28,27,28,30,30,28,29,31,29,30,30,30,30,29,26,32,30,31,41,83,119,135,137,143,156,158,167,171,173,170,167,162,162,166,167,162,159,159,159,157,153,147,147,145,149,149,151,153,150,150,150,153,155,155,153,156,159,157,160,163,160,165,165,174,176,48,31,31,30,33,34,44,47,45,39,40,36,36,38,37,39,37,38,37,40,42,41,40,39,36,45,43,43,45,48,50,56
30,28,32,33,30,32,30,30,28,28,27,28,25,27,29,28,29,27,28,24,23,23,22,22,26,24,22,24,24,24,25,28,28,29,29,29,30,29,34,31,29,29,28,28,28,28,32,30,28,31,34,71,117,125,137,152,158,162,164,165,164,160,159,163,162,160,161,163,159,159,159,155,145,147,139,149,148,149,151,151,148,147,155,155,154,155,157,159,157,158,159,160,161,160,165,179,106,35,31,30,32,36,41,45,43,38,39,37,33,35,38,40,39,37,38,39,42,39,43,41,32,34,41,43,45,50,49,53
32,31,29,30,30,30,29,29,28,29,25,28,28,28,29,28,28,28,27,23,24,24,23,24,21,22,22,23,26,26,25,26,26,30,30,29,29,31,33,31,31,30,29,27,29,30,30,31,29,28,26,33,65,109,123,139,150,153,156,157,157,156,152,160,161,161,162,160,162,157,161,158,146,150,137,147,149,150,151,150,147,146,153,153,152,153,157,158,157,157,154,152,155,156,156,173,160,37,31,32,32,35,37,41,45,38,38,37,36,37,33,36,38,37,39,39,37,40,38,41,40,31,36,43,51,52,46,45
30,29,30,30,31,30,29,29,28,26,27,28,28,28,28,28,29,25,23,23,23,23,23,24,24,22,20,23,23,26,26,27,29,29,30,32,32,31,31,31,29,29,29,28,30,28,29,31,30,27,28,29,29,61,100,119,138,145,148,149,149,156,152,160,162,161,161,159,161,158,163,160,148,149,141,145,149,153,149,149,147,144,151,151,154,153,153,156,154,158,154,152,152,156,159,170,167,38,30,32,33,35,37,44,43,43,38,37,36,35,35,36,34,37,38,39,39,44,44,41,40,36,33,37,48,50,47,50
30,30,31,30,26,29,29,28,30,28,28,29,28,28,27,27,27,24,27,25,21,22,23,23,23,22,18,22,24,24,25,26,27,26,32,29,33,31,34,29,28,28,28,30,29,26,27,28,27,25,27,24,27,32,46,80,111,126,135,141,144,149,154,158,159,162,159,160,159,158,164,165,147,152,144,142,150,152,149,151,146,145,149,151,154,152,151,154,153,155,153,150,150,153,158,166,166,44,31,31,32,31,34,41,43,44,40,34,33,34,33,34,32,37,36,36,40,42,42,44,43,42,35,34,41,48,50,49
30,31,29,30,28,29,29,30,30,28,28,29,28,30,28,27,27,27,24,22,23,22,23,22,24,23,20,21,23,25,23,26,27,27,28,30,29,33,31,30,28,28,29,29,27,26,28,28,28,27,26,27,23,26,29,28,52,96,117,128,132,142,151,153,159,167,155,159,158,157,164,163,148,153,146,140,146,150,149,152,146,145,147,151,150,150,148,151,151,152,151,151,152,151,155,162,165,67,33,32,32,32,34,39,43,43,38,35,36,33,31,33,31,34,34,34,37,39,40,44,42,43,36,35,39,45,47,44
32,29,28,31,29,32,29,27,28,25,29,29,30,28,28,29,25,25,23,18,22,22,23,23,22,22,19,22,24,24,26,27,26,26,29,30,29,31,30,29,29,28,29,28,28,26,29,28,30,27,26,27,27,25,27,22,25,33,73,106,118,130,148,149,157,158,159,159,160,157,163,161,150,149,148,142,143,146,144,148,146,144,149,151,149,149,146,149,151,151,149,150,150,149,153,157,164,106,33,32,36,35,34,38,42,44,39,37,39,35,35,34,35,32,31,34,34,36,37,40,43,41,41,38,39,39,45,45
28,28,29,29,30,29,31,27,29,25,28,27,27,28,28,29,28,23,23,23,20,22,21,21,18,23,20,22,24,24,26,27,29,27,28,29,30,32,31,31,29,32,32,35,34,30,32,31,29,26,25,26,23,26,24,20,18,21,19,42,84,118,145,152,155,154,158,162,160,157,160,157,157,153,150,148,140,143,142,143,145,145,146,150,147,148,144,146,150,150,149,145,146,148,149,157,164,136,35,33,35,36,34,36,44,44,39,33,37,33,32,35,33,34,34,32,30,35,37,38,40,42,42,39,41,38,43,40
30,29,28,30,29,30,29,29,28,27,28,26,26,28,26,27,24,24,24,21,23,23,22,19,21,22,22,22,22,23,25,27,27,27,28,28,29,30,30,27,32,35,67,114,83,49,44,36,34,30,29,27,24,26,24,19,18,20,14,17,33,72,148,159,160,157,158,164,163,156,159,156,156,155,151,150,143,142,143,142,146,143,145,145,147,147,143,145,148,150,148,144,143,142,147,151,159,142,36,31,35,36,34,36,39,40,42,37,40,36,34,34,32,35,34,34,32,32,34,38,39,40,40,40,37,42,38,44
30,29,31,31,28,30,29,28,28,26,26,28,27,27,27,26,27,23,24,25,24,22,22,19,21,22,21,22,24,22,26,26,26,27,28,29,28,30,28,30,31,59,185,188,185,187,174,136,71,48,36,32,30,32,27,24,20,20,15,13,22,40,153,164,164,163,161,162,162,158,157,156,158,158,154,155,148,137,143,140,144,145,143,142,145,143,142,144,150,152,151,145,146,143,145,152,158,144,37,32,35,35,35,35,38,41,40,38,33,37,33,33,35,32,32,32,30,33,34,35,34,36,39,40,41,41,39,39
31,30,31,31,31,31,27,30,30,26,26,27,27,26,25,24,27,27,25,24,22,23,21,21,21,22,22,24,25,26,26,28,28,25,30,30,31,29,29,30,34,152,189,189,183,185,183,178,166,166,154,131,101,63,51,43,30,26,20,15,22,41,154,163,161,164,163,164,160,157,153,157,161,161,157,157,153,144,143,142,142,145,140,140,142,143,141,147,149,150,149,146,148,144,146,151,159,151,47,33,33,36,36,32,36,39,40,39,36,38,35,34,34,35,32,29,30,32,32,33,34,35,33,36,35,36,37,39
27,28,30,31,30,29,29,31,26,28,28,27,30,26,26,24,26,24,25,22,21,21,22,21,22,22,22,23,24,24,25,27,25,26,29,30,28,29,29,29,37,165,182,180,176,178,178,175,174,178,180,176,170,164,147,161,158,129,66,28,31,79,156,161,160,160,161,164,165,162,155,161,161,160,163,159,156,151,143,147,144,143,142,139,136,140,141,144,145,149,147,145,147,144,144,146,151,151,87,34,35,36,35,33,34,37,38,39,38,36,33,34,34,34,32,29,29,30,30,28,32,30,29,32,31,33,34,37
28,29,30,30,31,29,30,28,29,27,28,28,29,26,27,27,27,24,22,24,23,20,22,19,23,22,21,18,24,27,25,25,27,28,28,27,27,29,30,32,42,156,167,170,173,175,176,171,173,178,178,178,174,167,161,178,186,180,174,161,141,153,160,157,156,160,161,165,164,167,161,159,163,159,163,161,160,158,152,150,147,146,144,142,136,138,140,142,144,146,146,141,142,144,142,144,144,148,164,37,33,35,34,32,33,34,33,39,40,35,36,35,33,33,33,31,30,31,30,30,28,31,30,27,29,32,32,36
27,29,29,29,28,31,29,29,27,28,27,26,26,26,27,24,28,25,23,23,21,22,21,24,24,23,24,21,23,21,26,23,28,28,27,28,29,31,30,30,38,144,151,152,161,166,172,166,172,172,174,174,171,163,160,177,182,185,183,180,167,163,157,155,158,162,165,166,168,172,165,165,165,163,163,164,163,162,160,153,148,148,146,144,140,138,141,142,141,144,143,137,140,139,140,142,143,148,172,47,36,37,37,35,35,34,33,37,37,36,33,34,35,34,32,33,29,30,30,32,29,30,31,27,29,34,32,37
28,27,29,30,29,31,28,28,27,27,26,28,26,26,24,24,26,25,23,24,19,17,23,23,21,22,23,23,24,23,26,27,27,23,27,30,28,30,28,31,32,127,139,143,146,154,162,155,160,164,166,168,165,157,157,175,181,182,180,176,162,161,154,160,155,163,164,167,169,172,164,168,170,170,164,163,161,162,161,163,153,148,146,143,142,138,143,142,141,142,141,136,136,136,135,139,139,147,170,161,44,39,37,37,38,36,34,33,39,33,32,32,33,29,29,28,28,28,28,27,27,28,27,27,27,33,30,29
27,29,28,27,28,30,30,27,24,26,28,28,25,25,24,23,24,23,23,23,20,22,20,21,20,21,22,22,25,26,25,26,25,26,26,29,31,30,28,28,31,73,121,130,132,141,146,146,152,155,161,161,159,159,157,170,173,175,174,172,155,158,156,160,162,163,165,170,171,171,165,170,171,174,167,166,162,161,162,161,157,147,144,142,144,142,142,143,141,142,137,133,135,132,130,133,136,148,168,181,52,37,36,34,33,37,36,35,39,35,34,30,31,28,31,28,26,25,29,26,25,28,29,26,30,30,31,31
26,28,27,30,28,28,30,27,26,26,26,27,27,28,23,25,25,22,26,26,23,22,22,20,19,22,21,22,24,24,25,27,28,28,30,30,29,28,29,30,31,31,66,88,110,124,128,133,143,143,153,152,153,151,152,159,167,168,168,164,151,154,154,160,160,163,165,168,170,170,166,169,170,172,168,167,167,163,161,158,154,151,148,145,145,143,143,143,142,141,138,133,134,131,132,132,136,146,166,179,171,40,36,36,37,35,36,35,36,40,34,30,31,29,29,30,26,29,27,28,25,26,29,27,30,28,31,35
27,27,26,28,26,28,26,28,27,28,27,26,25,27,24,26,26,22,24,25,22,23,19,22,19,23,20,22,22,26,24,27,28,27,29,29,29,29,28,30,30,30,31,34,51,82,99,109,123,127,135,138,140,140,146,150,159,159,159,158,151,152,152,157,161,163,167,171,171,170,164,171,171,171,168,168,169,165,163,162,157,152,152,149,148,147,145,142,143,142,138,133,131,130,129,130,137,150,165,174,182,70,41,36,37,36,35,35,34,35,30,32,29,29,29,30,28,28,27,29,26,26,28,29,26,28,29,29
26,26,26,28,28,29,28,23,25,25,26,25,26,28,27,24,26,23,22,21,22,22,21,20,18,20,22,23,26,24,25,24,27,27,28,28,31,29,29,28,27,29,28,26,25,34,50,67,78,94,109,121,125,123,134,141,147,147,150,146,145,145,151,153,159,161,168,172,174,169,161,171,173,172,168,165,165,165,164,166,162,160,153,150,149,149,145,143,141,136,138,134,133,130,126,126,135,149,163,173,179,178,52,33,35,33,33,36,32,35,29,29,28,28,28,29,30,29,28,27,26,27,26,25,26,30,28,31
28,26,28,30,28,28,29,27,26,27,26,27,25,26,25,23,22,23,24,23,21,21,19,19,19,19,22,22,24,24,24,25,25,29,29,28,29,30,27,28,27,26,23,23,22,27,28,30,28,35,48,70,90,108,115,124,132,132,136,135,134,138,146,153,159,165,170,171,169,169,161,170,172,173,170,165,167,167,166,167,165,165,160,150,148,146,146,143,142,138,136,134,132,130,126,130,135,150,163,170,178,185,147,40,37,33,32,34,30,34,32,26,29,26,27,26,28,27,26,26,26,26,26,24,26,28,30,32
25,26,29,28,26,28,28,30,27,28,27,27,27,28,25,22,24,22,23,22,21,20,22,21,18,21,22,22,22,22,26,23,26,28,29,27,28,29,28,30,29,27,24,23,25,26,25,26,22,25,26,24,33,59,76,89,99,108,119,121,124,122,144,151,163,171,173,172,170,171,163,173,173,174,170,164,167,170,168,169,169,167,163,156,149,146,145,143,142,140,136,135,132,128,125,129,136,151,163,174,177,183,183,54,40,32,34,32,29,31,30,29,26,26,26,26,27,27,25,26,25,25,26,25,25,28,28,31
29,24,26,26,27,26,26,28,26,26,28,23,27,26,26,23,23,23,25,21,21,20,20,21,19,16,19,20,23,22,23,24,24,27,28,26,27,29,27,28,28,27,26,22,24,25,25,24,21,22,23,23,20,24,25,31,44,58,76,96,106,109,139,152,166,169,169,169,171,172,165,175,174,175,171,168,169,172,172,171,174,171,169,164,157,147,142,144,142,143,141,134,131,125,126,129,138,154,166,173,177,181,186,177,43,33,33,30,29,31,30,30,27,25,23,25,26,27,28,26,26,26,25,24,25,27,27,28
27,26,26,27,28,28,27,27,24,27,26,24,26,27,25,23,23,20,21,17,16,22,21,21,20,16,17,19,22,23,22,22,24,23,25,26,27,25,26,27,26,26,23,21,21,24,25,23,19,18,19,20,21,21,15,18,17,13,19,29,43,78,130,151,167,167,167,170,171,172,168,177,176,172,172,172,175,176,176,176,173,172,170,168,161,155,141,142,140,144,141,136,130,125,124,133,136,151,166,173,180,182,186,184,126,41,34,29,27,28,28,28,28,24,26,27,25,27,27,26,25,26,27,27,26,28,28,31
28,26,27,26,29,29,27,28,27,26,27,27,27,27,27,26,20,21,22,21,20,21,21,21,19,21,21,21,23,23,23,23,23,26,27,23,25,26,25,25,26,26,25,23,22,21,23,24,19,15,17,18,17,17,17,13,15,10,11,15,17,25,102,148,161,164,163,169,174,172,169,177,173,172,173,178,177,175,175,175,175,174,173,171,167,159,153,147,141,144,142,137,132,128,129,136,139,150,164,175,184,184,187,187,181,55,41,31,31,27,28,28,27,26,25,25,26,26,26,28,26,29,28,28,25,28,28,31
25,26,28,26,30,25,26,26,26,26,26,27,27,26,27,27,24,23,24,22,17,19,20,22,20,22,19,23,22,23,22,26,24,26,27,27,26,25,25,24,26,25,24,21,21,23,24,23,20,18,17,20,18,18,16,13,13,9,10,12,15,18,57,149,156,161,163,173,175,175,170,173,173,178,178,178,179,180,175,178,175,173,174,174,169,165,158,157,150,146,142,139,134,133,139,139,142,148,159,176,183,182,188,188,186,154,49,38,30,27,29,30,27,24,22,23,25,24,25,25,25,25,27,27,26,28,26,28
26,24,27,27,26,28,25,28,26,27,25,27,28,26,24,26,24,22,22,24,17,20,21,19,22,20,19,21,21,23,22,25,27,26,28,26,28,23,25,27,25,27,22,20,21,21,24,19,24,20,18,17,17,17,13,14,11,9,11,8,14,17,38,153,153,161,165,173,175,175,172,178,177,180,179,180,181,181,177,175,174,175,178,176,174,168,163,162,157,152,144,140,138,144,147,141,142,146,154,172,180,183,187,191,190,183,81,48,32,29,27,27,27,25,23,24,23,23,25,24,24,26,25,27,26,28,29,29
26,26,26,24,26,28,27,28,26,27,26,28,26,25,25,24,21,23,24,24,21,21,20,21,22,19,20,21,22,23,22,26,26,26,27,27,25,23,23,24,22,24,21,24,21,22,22,19,18,18,17,16,16,17,13,14,9,9,7,9,13,17,43,155,154,161,166,170,173,174,175,181,180,182,183,180,181,178,176,175,175,177,177,176,174,170,165,162,164,158,151,146,147,149,150,144,146,145,151,165,178,183,185,188,190,188,167,58,37,29,28,29,27,26,25,22,24,24,24,24,22,24,24,27,28,28,29,29
29,27,26,27,26,26,28,24,25,24,23,26,27,25,27,26,27,20,23,22,21,19,17,18,20,20,20,21,23,22,25,27,27,23,27,25,26,22,22,23,22,24,20,20,18,21,20,18,17,17,17,16,16,15,14,17,8,7,10,12,14,22,117,154,156,161,166,171,172,174,177,180,181,181,182,180,179,178,177,175,175,174,178,175,175,171,166,163,165,161,155,154,153,153,155,150,150,147,151,160,174,179,183,186,187,190,183,141,49,32,27,30,29,27,25,23,24,23,25,25,26,25,24,26,26,28,27,30
26,26,29,27,24,26,23,25,24,23,22,23,23,24,24,25,26,21,21,21,19,21,16,17,19,19,17,20,22,23,22,25,26,23,24,26,25,25,25,23,20,23,22,18,17,20,20,18,17,17,17,18,16,17,12,15,8,8,13,15,22,44,154,159,157,162,167,173,174,176,177,180,180,181,183,181,178,178,177,175,174,172,175,174,173,169,166,165,167,166,159,159,156,155,156,156,153,150,154,158,166,175,182,185,187,188,187,177,60,42,31,28,29,26,26,22,25,23,24,24,24,25,23,28,28,27,27,31
25,24,26,27,25,24,24,23,23,23,23,23,22,26,24,23,23,21,20,21,19,21,17,19,18,20,19,22,22,23,22,24,25,24,23,24,24,24,23,25,23,21,19,19,19,20,20,20,18,18,17,14,13,16,12,12,10,11,17,27,76,165,169,162,157,160,167,170,173,176,177,177,180,180,180,182,181,177,177,174,173,169,171,172,168,168,166,165,166,167,165,161,157,155,155,157,156,154,157,159,162,173,180,185,187,191,188,186,157,52,34,30,29,27,25,26,24,25,25,24,24,25,25,24,25,27,28,31
25,24,26,24,23,25,25,22,22,22,25,23,23,23,23,21,24,23,22,20,17,21,18,17,16,19,19,21,21,21,22,23,24,23,24,23,21,24,23,23,21,20,18,16,18,21,20,20,18,17,17,16,16,16,13,17,15,20,46,162,175,182,178,160,155,160,164,169,174,173,174,173,177,180,176,179,178,175,175,175,172,169,167,168,167,167,167,167,166,169,168,162,161,158,153,156,159,158,163,162,159,168,174,180,186,186,188,188,177,88,44,30,27,27,25,25,25,23,26,25,24,26,24,25,24,27,29,31
26,25,25,25,23,24,23,23,24,23,21,25,25,25,23,21,24,24,22,19,18,20,17,15,17,17,17,22,22,22,20,23,24,22,23,24,24,22,22,21,20,19,18,18,20,19,19,19,17,18,17,22,20,21,18,27,33,92,165,181,185,184,176,163,150,156,163,167,172,170,171,171,174,176,176,176,177,174,173,172,170,168,165,168,165,165,167,166,166,166,168,165,161,159,152,154,159,161,164,163,160,165,172,176,184,187,189,188,187,168,63,37,28,26,24,25,24,24,24,23,24,25,26,26,24,27,27,28
25,26,26,26,24,25,24,23,24,23,22,23,23,25,24,22,23,24,22,18,18,20,17,15,16,19,17,21,20,22,21,20,21,22,22,22,23,24,20,20,16,17,20,17,18,19,20,21,18,22,26,30,31,32,50,129,163,166,176,183,186,185,177,162,147,152,158,161,166,167,164,169,170,173,173,173,173,172,169,168,168,167,165,166,165,161,164,166,167,165,167,163,160,161,154,151,157,160,166,165,163,166,169,175,181,187,186,190,188,183,130,51,35,28,25,25,25,26,22,25,24,25,27,25,26,25,24,30
27,23,25,26,23,26,23,25,23,23,23,23,23,24,24,21,22,24,21,20,19,20,17,17,16,17,17,20,20,21,22,23,21,22,21,23,24,21,22,20,21,22,16,16,18,18,19,20,25,42,104,135,151,154,163,172,173,171,170,178,180,177,173,163,143,147,153,155,159,161,156,162,164,167,167,166,168,166,166,166,165,165,160,162,162,161,164,166,164,162,167,161,156,161,155,153,156,157,163,167,164,168,169,174,177,186,187,188,188,186,175,69,44,31,28,25,26,24,25,24,23,25,23,26,24,26,25,26
28,24,23,25,21,23,23,24,23,24,24,22,24,24,23,22,24,22,21,19,20,16,18,15,16,13,17,19,20,21,20,23,22,22,20,24,23,23,22,20,21,21,19,17,19,19,21,26,103,171,175,179,180,176,172,173,169,169,166,173,170,171,167,158,142,142,146,147,149,152,146,153,156,159,160,160,162,163,161,164,165,160,157,159,162,159,159,161,160,161,164,160,156,160,153,156,152,154,160,166,164,169,168,171,174,183,187,186,186,185,184,161,56,39,30,27,27,27,26,25,27,25,26,25,24,26,27,30
25,23,24,26,27,25,24,24,25,23,24,24,23,24,21,23,23,21,22,19,16,15,16,17,13,12,15,20,21,21,21,20,21,21,22,23,25,21,23,22,18,19,14,16,16,19,20,36,171,184,180,180,185,178,173,173,170,168,158,165,159,159,157,152,141,136,139,138,140,142,138,147,148,151,156,154,156,157,159,163,160,159,156,158,161,158,157,161,157,159,161,159,157,160,150,156,149,152,157,161,160,167,170,171,171,178,186,187,187,187,188,176,86,48,33,28,27,26,26,27,27,26,27,26,27,24,26,29
25,24,24,21,25,26,24,24,23,24,25,22,22,22,21,22,22,22,22,19,18,15,15,18,16,15,15,21,21,19,21,21,22,22,23,23,24,21,22,21,20,18,18,15,15,18,20,95,172,179,178,177,181,174,172,172,168,165,149,151,147,150,148,142,130,124,132,127,127,132,129,140,140,143,151,150,152,153,155,156,155,154,154,155,157,156,155,156,155,156,157,157,156,158,153,155,151,150,152,155,152,164,171,171,171,175,181,186,190,190,187,187,165,68,40,31,27,25,25,26,26,25,27,26,26,26,25,28
25,25,24,22,25,25,23,25,24,22,23,22,22,22,23,22,21,21,22,21,17,15,15,13,14,14,15,20,20,19,19,21,22,24,22,25,22,24,21,22,17,19,16,16,14,19,21,144,166,167,166,174,174,169,166,165,162,157,145,136,134,135,129,122,110,106,116,116,113,117,115,130,131,138,139,144,148,148,149,150,151,150,151,152,153,151,150,152,150,152,152,151,154,151,151,153,152,149,148,150,151,159,168,172,172,172,175,184,187,188,188,188,178,142,55,40,28,27,26,25,24,23,26,25,24,25,24,28
24,24,23,22,28,24,24,25,22,23,23,22,23,22,24,22,21,21,21,19,21,17,15,14,15,11,14,16,20,20,20,22,24,20,22,21,22,25,22,23,19,19,14,16,14,16,22,137,154,156,157,163,162,165,158,156,154,145,140,120,118,105,91,76,59,62,76,88,87,90,96,113,121,132,134,138,142,139,143,146,144,146,147,145,149,148,144,145,143,146,146,150,151,147,148,152,146,146,146,148,151,156,164,171,172,171,173,180,185,190,187,188,183,174,95,53,34,29,27,27,26,26,28,25,25,27,25,26
24,22,23,21,24,23,24,24,21,23,24,23,22,21,20,21,21,21,21,19,19,16,17,14,15,14,15,15,19,20,22,23,23,20,20,21,22,22,22,21,19,16,17,16,15,16,19,117,142,146,147,152,150,150,142,138,132,123,114,94,76,51,31,17,12,14,20,28,34,38,56,88,107,121,124,129,134,135,135,139,139,141,140,141,142,142,140,141,137,139,141,147,146,144,145,148,141,144,143,146,150,154,162,169,174,172,168,177,184,187,187,189,184,181,171,69,45,31,28,28,27,27,25,25,26,27,24,27
23,23,23,25,24,24,23,24,21,21,23,23,22,19,21,21,22,21,19,19,18,17,18,14,14,13,15,17,17,18,22,21,22,20,20,21,21,21,22,18,19,16,15,15,16,15,18,52,117,129,125,133,131,131,115,98,75,65,49,30,17,14,11,10,10,7,7,12,12,13,17,40,83,105,113,121,127,128,131,131,134,132,135,136,135,136,133,134,135,134,134,137,139,138,146,145,140,138,139,145,145,155,161,168,170,175,174,171,180,181,186,189,186,185,179,156,57,43,32,27,26,27,26,25,25,26,24,30
23,23,25,21,26,24,23,24,23,22,24,24,22,21,20,21,23,21,17,21,20,18,17,14,14,12,14,17,17,21,20,21,20,22,22,20,20,20,21,16,18,16,13,14,14,16,16,19,42,54,63,79,89,83,45,25,18,10,11,10,10,11,9,7,7,8,5,10,9,10,8,13,31,76,98,111,116,120,121,125,127,128,126,129,130,130,128,129,130,130,129,133,130,132,144,138,135,134,135,143,146,154,159,164,168,173,175,171,175,180,184,187,181,187,182,172,94,52,34,29,28,26,26,25,26,26,26,29
25,23,24,23,26,23,23,27,21,23,24,21,20,21,20,21,22,19,21,22,17,17,15,16,12,13,14,19,17,18,19,21,17,20,21,21,20,22,18,17,17,17,15,10,13,16,16,13,14,16,15,16,20,20,9,6,6,8,5,6,8,8,10,9,7,9,8,8,9,8,9,12,11,25,66,91,100,110,115,117,122,119,120,121,123,122,121,123,123,121,126,126,117,127,141,136,132,134,135,141,149,153,159,159,162,171,174,173,174,178,181,187,184,183,180,180,161,68,45,32,29,27,24,27,27,27,26,26
23,22,25,24,25,21,22,26,23,22,24,22,20,23,22,20,21,19,20,20,17,17,20,14,13,12,16,15,19,17,16,16,20,19,20,20,19,20,20,18,18,15,14,12,12,16,13,13,12,12,10,10,8,9,8,4,5,5,5,6,6,7,7,8,7,7,8,8,9,9,9,10,7,9,20,54,80,94,103,106,109,109,110,110,109,113,112,114,115,112,118,119,110,123,135,133,129,131,132,140,148,152,158,157,161,168,171,173,172,176,180,184,184,182,184,182,175,139,62,39,32,27,28,28,30,27,28,28
24,21,24,25,23,21,22,21,23,22,24,22,24,22,22,22,22,19,19,20,18,17,16,15,13,13,14,17,20,19,18,18,19,18,20,19,17,20,20,19,15,14,13,13,14,14,12,11,12,12,9,7,7,6,5,3,6,6,6,5,6,5,10,9,6,4,4,7,7,8,10,10,8,8,12,15,37,70,84,93,94,98,97,98,96,97,98,101,102,103,110,110,107,121,129,131,127,126,133,140,149,154,153,154,159,166,168,173,174,174,176,178,181,183,182,181,180,166,83,53,36,29,30,28,30,28,28,29
25,22,24,23,23,22,20,23,23,24,24,25,26,26,23,21,22,20,21,17,17,16,14,13,11,13,15,20,19,15,18,19,20,17,21,17,17,18,17,17,14,13,14,13,14,13,13,12,12,10,9,7,4,6,4,4,4,4,7,6,6,7,9,10,7,6,7,3,8,5,9,8,7,7,8,8,14,21,44,68,75,84,84,80,80,79,76,79,82,90,98,96,104,119,124,126,126,124,133,142,149,152,148,155,158,161,165,171,172,173,177,178,180,183,182,181,181,174,156,67,44,34,30,28,27,30,30,31
18,20,23,20,20,23,20,25,26,23,25,23,24,25,22,22,23,23,23,17,17,17,19,14,14,12,14,20,16,17,17,18,19,20,20,17,19,17,16,17,14,14,14,11,14,17,11,9,12,10,7,8,6,6,0,3,5,5,6,7,5,9,6,7,5,3,4,3,5,5,6,7,7,8,9,6,10,11,15,22,30,42,44,43,36,32,32,35,50,76,83,85,100,114,119,121,121,125,134,140,147,149,145,147,157,160,164,166,172,174,173,179,178,181,183,182,181,179,168,140,64,41,34,29,29,32,28,29
19,22,23,22,22,21,25,25,25,23,24,22,23,25,22,22,21,20,20,21,18,15,16,14,13,12,15,19,16,17,16,17,19,20,19,19,17,18,18,15,14,11,12,12,13,11,9,12,9,9,7,8,6,4,0,0,0,4,5,6,5,6,7,7,8,3,5,3,3,6,7,6,7,7,8,7,8,10,11,11,13,14,16,17,14,15,13,17,20,39,68,82,96,107,113,114,121,125,138,141,150,147,143,147,154,160,163,165,166,170,174,178,179,179,182,181,181,177,173,167,87,54,39,33,32,31,32,32
21,20,24,25,23,22,23,22,22,22,24,24,22,21,21,21,22,21,20,19,16,14,15,13,13,13,11,14,16,16,15,17,18,17,17,18,19,19,16,16,11,13,12,10,14,13,11,12,8,9,8,7,6,5,0,0,3,4,4,5,6,6,5,5,6,2,5,3,3,4,4,1,4,5,6,7,7,10,9,10,11,11,12,13,13,12,12,15,16,18,45,73,89,101,107,114,120,126,136,141,145,144,144,147,154,158,162,162,162,166,171,174,177,177,181,180,181,179,176,170,153,73,55,39,36,34,30,33
20,21,22,25,24,23,21,22,23,23,22,23,23,23,24,21,22,22,22,21,19,17,17,18,17,13,11,14,16,17,15,15,17,17,19,19,17,19,18,15,14,12,13,12,12,14,11,11,9,7,8,4,6,6,0,0,2,2,3,5,8,3,6,6,5,3,2,3,3,3,5,4,4,3,6,5,9,8,9,11,8,9,9,11,15,13,11,15,13,16,22,59,81,97,108,117,122,128,136,142,141,142,145,148,153,156,158,160,162,164,166,169,171,175,177,176,180,180,179,173,168,149,68,48,39,33,30,29
18,20,23,23,24,22,20,21,25,23,23,21,24,21,22,21,20,21,21,20,20,19,17,13,13,13,13,12,14,14,14,14,14,13,18,18,17,17,15,14,13,9,12,12,9,12,11,7,9,8,7,7,5,5,3,2,2,3,6,6,8,6,5,4,4,4,5,4,4,5,4,2,6,1,7,6,7,9,8,9,8,7,9,12,13,10,9,13,15,17,17,26,69,90,105,117,123,126,136,138,140,141,145,148,151,153,155,160,161,164,164,164,170,174,176,177,178,179,176,177,173,167,128,55,47,38,32,31
20,24,24,24,24,21,20,21,23,23,21,22,23,24,22,21,19,19,20,19,20,17,17,16,11,13,15,14,12,14,16,16,15,14,18,19,17,17,17,16,10,11,11,11,12,12,11,8,11,8,6,6,6,4,4,1,1,2,6,5,8,4,6,5,5,3,4,1,3,3,5,6,5,3,4,5,7,10,8,7,11,9,8,9,12,10,12,11,12,15,17,18,46,81,103,117,123,127,132,134,137,144,145,147,150,153,156,159,161,160,161,163,168,175,174,177,178,178,178,176,174,169,157,94,53,41,35,32
21,21,22,22,19,19,22,23,22,22,24,21,23,21,20,21,19,17,20,19,18,18,15,14,12,14,15,14,14,15,18,16,18,17,16,18,19,15,16,16,12,10,12,13,9,12,10,8,7,7,7,4,6,4,1,3,2,3,6,5,5,4,6,3,4,2,3,4,3,4,7,3,5,5,4,4,8,9,8,8,9,9,9,9,11,10,12,12,14,14,15,16,22,64,95,111,123,129,131,134,137,139,145,147,147,152,153,157,160,160,162,162,166,173,172,173,175,178,180,173,172,172,166,146,64,48,39,34
21,21,20,23,20,22,22,22,21,21,21,23,21,21,21,21,20,19,22,21,20,15,14,13,14,13,13,15,13,15,15,14,18,14,15,16,16,16,16,15,11,9,9,8,11,10,7,8,9,7,7,5,5,4,1,2,5,3,6,5,2,4,3,3,4,1,2,2,4,4,7,6,6,5,5,7,7,9,9,9,10,8,9,11,8,12,13,12,13,12,12,15,18,33,83,109,121,127,129,132,136,139,142,146,146,147,153,153,155,154,161,162,166,172,173,175,176,175,176,175,172,172,170,158,138,61,47,38
21,22,21,23,20,20,23,23,21,21,20,20,23,20,20,17,19,19,21,20,19,13,10,14,13,14,12,13,14,13,13,15,14,13,15,15,14,16,13,15,13,11,7,9,8,9,8,7,8,5,7,6,6,2,2,4,4,2,5,4,2,3,4,4,6,3,1,1,2,5,6,7,4,7,4,4,8,10,7,8,9,10,7,9,8,11,11,12,13,14,14,13,18,22,68,97,114,125,126,131,134,140,142,145,143,147,149,153,152,155,157,161,164,170,172,172,173,176,174,176,173,174,171,164,156,122,60,43
19,23,22,23,21,21,23,23,20,20,19,20,22,20,20,21,20,18,18,16,18,15,14,15,12,12,13,13,10,15,15,14,17,17,16,17,16,14,12,17,13,9,8,7,5,11,9,6,6,6,8,6,5,5,2,4,0,3,4,6,6,8,5,6,7,5,4,0,2,6,4,5,5,5,2,2,6,8,6,6,8,9,9,10,11,12,13,12,13,12,14,13,16,18,36,83,105,118,126,130,130,134,139,140,142,146,149,154,154,158,155,157,161,166,170,169,174,175,175,177,175,175,173,166,165,153,86,56
19,22,20,23,24,22,22,23,21,18,20,23,23,20,20,18,16,20,19,18,18,16,16,15,12,13,16,16,10,12,15,13,17,16,17,17,14,14,14,13,13,9,7,7,7,8,7,8,6,4,7,6,5,4,4,3,2,5,5,8,6,6,7,6,4,4,2,1,1,4,3,5,5,4,2,5,6,8,5,6,6,7,8,11,12,9,12,13,12,13,14,12,16,16,21,67,98,112,121,128,132,134,139,139,137,143,150,151,153,155,154,158,160,163,167,169,170,172,175,177,177,175,173,171,166,161,145,68
20,20,18,22,21,20,21,24,19,22,21,22,23,19,19,19,15,17,16,16,16,17,16,14,13,14,13,12,13,13,14,16,14,16,17,14,13,14,13,13,13,10,8,8,6,11,9,7,7,6,5,4,5,3,4,3,3,3,5,5,5,7,7,3,5,4,4,3,3,3,4,4,4,4,3,4,7,5,4,5,6,5,9,9,8,10,11,12,12,13,16,14,15,16,19,39,86,107,115,127,129,133,137,136,138,142,147,149,151,156,153,157,160,161,166,167,171,171,175,178,174,175,174,173,169,165,156,139
19,17,19,19,20,21,20,23,20,20,23,20,20,20,18,20,19,15,18,19,18,16,15,14,14,13,13,11,14,13,13,17,14,15,15,16,16,17,13,13,11,11,6,6,4,9,10,7,5,6,5,4,2,1,1,1,0,1,4,2,3,5,7,5,2,6,2,2,0,1,3,6,6,3,1,5,5,5,8,6,4,6,9,10,10,7,10,11,13,13,16,12,16,15,19,21,64,98,111,122,127,133,132,133,138,141,145,151,152,153,155,158,157,161,161,165,167,171,175,173,174,173,177,172,175,166,161,157
19,16,19,20,17,21,21,23,22,21,20,20,18,20,20,18,19,17,20,22,20,16,14,14,13,14,13,12,15,14,14,12,15,15,16,14,14,14,12,10,10,9,8,7,7,8,10,5,5,4,5,2,5,4,0,3,0,0,3,4,6,5,6,5,2,3,2,3,1,1,2,2,2,1,2,1,6,7,7,5,9,7,8,9,9,9,11,12,11,11,15,15,15,16,16,19,33,87,108,118,124,128,130,133,135,142,145,151,152,152,155,154,159,162,163,163,168,170,171,173,173,173,176,172,172,169,163,163
19,19,19,21,19,18,18,22,22,20,17,18,18,18,18,16,17,19,16,21,19,17,15,15,11,14,12,15,16,14,14,12,14,15,16,16,13,15,12,12,9,11,10,5,7,8,11,8,6,4,6,5,3,2,1,2,0,1,0,5,6,2,6,6,2,4,4,5,5,2,3,2,3,3,2,3,6,9,6,4,5,6,10,9,9,8,10,12,10,11,14,15,16,17,17,18,23,72,100,114,121,125,130,131,135,138,142,147,150,153,153,155,159,160,161,164,167,169,170,169,171,172,175,174,170,170,163,160
22,20,17,21,19,21,18,20,19,19,21,20,19,19,16,18,17,19,15,14,17,14,13,12,12,13,13,13,12,14,13,12,12,13,12,12,13,16,11,11,11,9,9,6,7,7,11,9,6,6,7,4,4,1,2,2,0,2,4,5,4,3,4,3,2,1,5,3,5,0,0,5,2,5,5,5,8,9,6,5,6,6,7,9,10,10,10,10,10,11,12,15,15,16,17,16,20,38,87,104,117,125,126,129,131,134,142,146,149,151,151,155,159,161,159,165,162,165,167,167,169,171,171,176,170,172,167,163
22,21,19,22,21,21,22,21,20,19,21,21,20,16,16,20,18,16,16,15,16,15,14,13,13,12,13,13,13,13,15,14,14,14,13,11,11,12,12,11,11,8,6,6,4,8,9,7,6,6,6,6,5,2,0,3,2,1,4,6,4,5,6,5,4,1,3,4,4,1,1,6,4,6,5,5,6,7,4,6,8,7,8,12,11,10,11,11,11,10,11,12,13,13,17,16,17,24,69,99,113,121,125,122,129,135,141,146,147,149,150,154,157,158,159,164,161,163,164,166,168,170,170,173,173,171,166,167
24,20,21,22,24,22,22,21,20,20,21,21,22,21,20,20,16,15,16,15,16,16,15,16,13,14,14,12,12,12,15,16,15,14,13,12,12,12,11,10,12,9,8,7,7,4,8,5,7,5,6,6,4,4,0,0,2,2,0,4,6,4,6,5,4,3,4,4,4,4,3,0,3,6,5,5,5,9,7,5,8,8,10,9,8,9,10,9,11,12,10,14,13,14,17,18,17,19,35,87,105,118,123,123,126,132,137,143,146,148,148,154,154,156,158,158,163,161,163,163,167,169,170,167,171,169,167,169
22,20,23,22,20,21,22,20,20,20,18,23,22,21,20,18,16,16,18,15,17,17,14,15,13,10,12,12,13,13,12,15,13,14,13,13,10,11,10,11,7,9,8,7,7,4,9,5,4,4,4,4,4,1,0,0,0,2,3,3,4,1,5,3,4,6,0,3,6,5,2,0,4,6,6,4,7,6,7,5,7,8,9,9,7,9,10,11,11,10,15,14,15,14,14,18,16,19,23,66,97,111,121,122,124,130,135,140,141,147,149,152,155,155,155,160,161,163,163,163,163,165,167,168,170,169,165,167
18,19,24,20,19,18,19,20,20,23,23,23,20,16,16,19,16,13,13,18,15,14,17,12,13,12,11,13,12,17,12,13,12,13,14,13,12,11,10,11,9,8,6,6,5,8,5,7,6,4,5,4,3,1,1,1,2,0,0,4,2,3,3,5,1,5,1,2,5,7,4,3,4,4,6,7,7,5,6,6,6,6,9,11,10,10,12,12,12,13,13,14,14,15,16,13,15,17,21,38,85,105,117,122,120,125,133,140,141,144,146,149,151,151,154,158,159,160,162,164,163,163,167,165,169,169,165,168
20,21,24,21,21,20,19,19,19,19,20,20,21,20,19,20,19,14,13,16,14,13,12,12,11,11,11,13,13,13,13,14,14,13,13,9,12,11,12,8,9,8,6,9,7,9,7,9,3,3,5,3,0,1,1,2,3,0,2,0,2,0,5,3,3,5,6,7,6,6,4,5,1,5,5,6,10,9,7,9,9,8,8,10,10,9,13,12,11,13,14,13,14,15,16,16,16,18,21,23,65,98,112,117,119,121,130,137,140,142,147,148,148,150,152,157,158,157,160,162,161,163,164,165,168,169,165,167
19,21,22,18,19,20,21,20,19,20,19,21,21,20,19,16,18,15,18,16,15,13,13,15,12,11,12,13,13,11,13,14,12,12,14,13,13,11,12,10,10,10,8,6,7,9,7,6,5,6,4,4,1,1,0,2,1,3,2,3,4,3,2,3,3,5,2,7,4,6,5,4,4,6,8,8,8,7,8,9,8,7,10,11,9,11,11,10,11,13,12,12,15,15,15,16,17,17,21,22,35,85,104,118,118,124,126,132,140,142,146,146,147,148,149,156,157,158,158,161,162,164,163,163,164,166,168,169
22,22,20,20,20,19,20,20,20,18,18,20,21,20,17,17,20,17,18,16,16,14,13,13,11,11,12,12,14,12,10,12,12,12,14,13,13,11,11,10,7,9,7,6,6,6,8,7,5,6,6,4,0,1,3,2,2,0,6,5,6,3,4,5,5,3,4,6,4,2,3,4,5,5,6,7,5,9,9,9,12,9,10,7,13,10,12,13,11,12,13,14,14,14,15,15,17,16,18,20,24,63,94,111,118,121,127,131,133,140,143,144,146,149,149,155,154,157,158,161,161,164,164,164,165,164,167,169
22,26,20,18,19,20,19,19,21,22,21,21,21,17,18,18,17,14,17,16,14,14,11,13,12,13,10,14,14,14,13,12,14,11,13,12,9,11,12,7,7,7,5,7,5,7,6,6,6,6,6,5,2,1,4,1,6,3,2,5,7,5,6,6,3,5,3,6,6,5,5,3,6,3,6,5,8,9,7,8,9,9,9,10,12,10,11,10,12,13,13,15,14,16,14,16,16,15,17,19,20,36,86,103,115,119,123,130,132,139,140,141,144,146,150,152,153,154,156,160,161,161,159,165,165,162,165,170
22,21,23,22,19,20,21,19,21,20,22,20,19,19,19,18,14,14,13,14,17,14,13,14,9,10,11,12,12,13,12,12,14,10,11,13,11,11,10,9,8,10,6,8,6,5,4,8,7,4,4,6,4,4,2,1,2,5,5,6,6,8,7,5,4,7,4,4,5,6,3,3,5,6,5,5,5,8,6,9,9,9,12,12,10,11,13,13,13,13,13,11,15,13,16,15,17,15,18,17,20,24,52,95,110,116,120,127,129,137,139,140,145,146,147,150,150,154,154,157,158,159,159,163,162,162,161,164
24,21,20,18,18,19,21,18,21,20,19,19,19,19,21,20,16,14,14,14,15,14,13,10,8,12,12,12,10,13,11,11,12,10,12,10,11,8,8,8,8,7,9,6,7,5,4,4,4,5,5,0,0,3,3,2,4,5,4,5,6,6,7,6,5,5,6,6,5,9,5,5,6,4,6,5,5,8,6,8,8,8,7,9,9,9,11,10,9,12,13,13,13,15,15,15,15,12,15,16,18,22,31,82,102,112,118,126,130,131,137,136,143,144,146,149,150,151,153,155,155,157,160,161,159,160,161,162
22,18,21,20,17,18,20,18,20,19,19,20,21,18,19,18,14,13,18,15,17,13,13,10,10,8,10,13,10,12,10,11,15,14,12,11,10,11,10,10,7,7,7,6,9,6,4,6,3,5,5,4,1,3,2,3,5,5,5,5,5,7,8,8,5,7,8,6,7,7,6,5,4,6,6,7,5,8,6,4,8,5,9,8,9,8,10,12,10,12,15,15,12,13,15,18,17,16,18,16,18,20,25,49,95,106,115,121,129,132,133,138,141,143,144,147,150,152,151,155,154,156,159,158,159,159,159,163
22,20,19,19,20,20,22,19,21,20,19,20,20,18,19,17,17,15,16,18,16,16,13,11,12,10,11,11,8,10,12,13,14,12,12,13,14,12,9,10,5,7,8,7,9,9,4,4,5,2,4,2,0,3,4,5,5,3,7,6,5,8,8,9,6,7,8,5,9,8,4,4,6,8,4,6,9,10,9,9,8,9,8,12,13,9,10,9,10,9,14,13,13,14,16,16,17,20,20,20,18,19,23,30,75,101,111,119,127,131,132,137,140,139,144,145,145,147,149,154,155,155,156,158,160,161,159,159
21,21,19,20,22,20,21,22,21,17,20,18,21,19,18,17,18,16,20,17,18,15,15,12,11,12,13,9,12,9,13,13,13,11,10,14,12,14,10,9,7,4,6,8,7,9,6,3,6,4,4,1,6,6,5,4,3,3,4,7,5,9,8,10,7,5,6,8,10,8,9,5,6,7,6,6,9,9,9,12,9,9,8,10,10,10,10,12,13,9,10,12,13,15,15,13,18,19,23,18,20,20,23,23,42,90,105,116,124,130,133,136,135,139,138,144,146,146,150,153,157,157,155,158,159,158,159,158
18,20,14,19,22,20,19,23,19,19,21,21,20,16,18,20,19,16,15,16,17,12,14,10,7,10,10,15,12,12,15,13,13,13,11,10,15,14,9,10,9,4,4,2,5,7,9,8,6,4,4,1,3,5,9,4,3,4,3,5,6,8,7,8,7,7,9,6,8,7,5,4,4,4,7,5,10,10,6,12,10,7,12,17,13,14,8,10,10,13,14,13,15,12,12,16,17,19,21,18,18,20,20,19,26,73,99,110,119,126,129,132,132,138,138,140,141,142,147,153,153,154,154,156,159,158,156,158