121,121,117,122,121,125,120,121,118,125,125,124,120,125,116,127,119,119,121,129,122,124,115,124,119,119,123,122,122,123,121,128,122,122,124,126,127,124,126,130,128,130,132,129,129,133,130,128,129,124,128,131,127,135,134,137,135,134,131,133,134,136,130,133,134,130,133,136,129,132,133,128,131,131,126,131,132,125,131,126,129,126,129,131,128,124,126,123,124,127,129,123,122,124,126,123,121,119,121,120,120,117,119,117,123,118,123,119,117,116,119,117,121,114,117,117,120,116,117,116,112,110,104,107,110,109,107,104
118,122,119,119,123,127,117,122,123,122,119,120,122,126,123,127,117,121,127,123,122,119,121,120,124,118,120,125,122,120,124,125,127,120,125,126,128,125,127,131,126,125,136,131,132,129,129,128,132,131,135,129,129,131,132,135,133,132,134,135,128,136,138,130,131,133,137,129,133,129,127,128,125,133,131,130,129,131,127,129,132,135,125,132,124,129,128,127,124,126,129,124,123,124,129,120,122,119,129,120,115,122,122,115,124,121,122,119,113,117,117,123,121,114,115,118,119,112,112,115,109,109,109,108,103,110,106,105
123,120,118,119,118,116,120,120,121,123,122,125,120,128,117,125,117,121,122,122,120,121,121,123,119,116,116,121,125,121,119,121,124,120,124,131,122,125,124,127,133,129,133,132,125,131,133,126,127,129,129,129,135,135,130,130,132,137,128,135,132,131,135,128,129,134,138,127,129,139,127,130,127,133,135,128,127,132,130,128,125,131,126,125,126,125,130,125,121,125,124,121,122,123,122,118,114,122,127,118,120,120,123,118,121,119,119,116,116,120,118,118,116,113,113,117,114,115,117,115,107,112,108,106,108,106,103,100
118,124,113,117,125,124,120,122,112,119,125,124,124,120,118,125,120,123,125,121,120,128,123,121,119,118,118,122,121,122,125,125,128,126,125,127,128,127,125,131,129,131,127,128,122,132,124,131,131,129,127,134,137,131,128,136,131,135,126,134,136,135,133,129,135,131,132,132,130,136,124,129,131,130,134,133,130,127,126,131,132,125,129,125,133,125,127,122,123,120,125,123,124,123,124,118,126,122,121,117,119,117,120,121,122,119,123,117,120,119,122,121,114,114,117,118,115,120,121,113,117,107,109,106,104,103,104,100
124,119,118,123,117,124,118,120,118,123,120,124,124,125,124,128,126,123,121,124,123,122,121,117,123,119,124,122,122,121,125,129,123,129,123,123,125,119,126,129,130,130,129,125,126,128,131,131,133,130,132,136,129,130,129,131,135,130,135,133,131,127,133,134,133,135,136,133,133,134,133,130,136,129,127,129,126,131,130,129,130,131,131,130,124,129,123,125,128,120,124,122,132,118,122,124,123,123,116,122,123,126,116,116,114,118,124,123,112,115,115,120,114,118,120,118,112,116,117,118,111,110,104,108,107,110,104,107
124,121,124,119,119,119,123,119,122,118,119,124,121,117,123,119,119,120,118,122,122,124,130,119,126,125,123,126,119,115,127,121,125,126,126,123,129,125,129,129,134,126,133,129,127,128,131,137,131,137,134,130,135,133,135,136,131,131,136,132,133,131,135,134,134,132,132,135,131,131,138,127,131,127,133,136,129,131,124,131,125,123,124,125,124,129,124,123,125,119,127,124,122,121,121,123,123,122,113,122,117,120,114,118,115,121,124,117,121,116,116,120,112,119,115,114,119,114,115,113,115,115,116,102,107,108,103,104
123,123,122,120,121,115,121,117,117,121,124,127,125,122,122,124,121,122,121,120,119,127,119,122,125,120,122,124,121,126,125,125,123,129,123,125,129,123,127,129,130,124,133,127,130,132,127,132,136,133,133,133,135,132,134,133,133,129,133,136,133,133,135,128,136,138,138,131,130,128,130,129,137,132,136,136,129,127,125,127,125,132,127,126,127,124,124,124,119,123,124,126,127,121,120,125,122,122,117,116,126,113,113,123,120,115,120,120,118,116,114,115,107,115,117,118,115,115,111,114,113,113,114,102,106,105,108,105
122,117,124,118,123,120,117,121,117,123,122,128,125,121,118,117,121,125,124,121,123,125,116,125,119,126,123,122,124,123,126,124,125,122,123,131,127,124,128,135,127,126,128,132,129,129,124,126,132,133,130,128,132,134,131,131,131,132,131,133,126,131,134,134,131,134,136,133,131,134,126,131,133,136,126,132,127,129,130,126,131,128,126,130,131,124,129,125,120,123,125,125,128,123,118,120,121,121,117,117,119,118,117,120,121,116,118,115,116,121,119,117,116,118,120,114,112,116,113,113,116,108,114,107,112,107,102,103
125,120,123,126,126,126,120,123,121,119,116,122,129,122,121,119,119,124,122,120,125,119,122,123,119,125,121,123,125,121,121,120,125,119,124,129,126,128,126,130,124,128,135,133,130,132,129,127,133,132,127,128,133,134,133,136,128,129,129,136,130,129,136,131,129,130,133,132,134,126,129,131,129,134,128,135,122,130,129,125,127,128,125,130,126,126,124,126,121,122,125,120,124,125,122,122,117,120,117,119,117,124,113,119,123,122,118,116,118,117,114,117,121,120,119,117,116,116,111,110,110,112,107,109,106,111,99,110
125,126,122,128,118,121,118,123,118,122,124,125,119,124,123,119,120,123,124,119,120,123,119,122,121,125,121,125,122,124,126,122,124,125,122,127,125,125,128,131,130,128,137,131,124,129,129,130,130,138,128,126,132,132,128,133,132,133,133,138,137,135,136,130,137,131,135,131,136,124,128,127,125,136,131,132,125,127,133,128,126,123,128,126,125,124,126,123,122,122,121,123,124,120,119,122,118,124,117,116,119,123,115,119,121,123,122,120,116,117,117,116,116,122,118,114,118,119,115,114,110,108,100,109,103,110,106,102
129,125,123,123,117,115,119,125,124,117,124,124,115,123,126,123,124,120,121,114,122,121,121,123,125,120,127,128,124,118,123,123,120,123,131,131,123,128,122,128,126,129,133,129,127,128,129,133,131,136,132,130,133,132,127,136,129,137,131,134,131,132,133,135,127,134,126,131,128,131,126,127,135,135,131,129,132,131,127,129,129,126,129,125,127,120,126,124,123,119,121,127,121,121,116,118,120,116,116,118,117,116,119,116,120,120,119,121,118,111,117,120,119,117,120,117,115,121,111,113,107,109,108,105,108,110,108,105
126,123,121,119,121,120,120,127,124,117,127,119,120,121,120,122,124,122,121,121,122,122,119,120,122,123,122,129,124,124,131,124,124,125,128,122,130,127,124,127,125,129,133,125,126,132,134,133,127,132,133,127,127,126,134,138,135,132,136,137,132,133,133,132,137,132,133,132,126,120,128,134,126,129,134,134,129,128,126,126,128,128,134,126,129,125,126,127,121,119,120,124,123,125,116,117,120,116,125,119,118,119,113,118,119,117,123,117,118,123,119,116,118,118,122,115,114,114,118,114,114,111,114,111,109,106,103,106
117,124,124,121,117,126,122,119,120,114,120,117,117,122,117,127,114,120,123,127,117,132,127,124,121,128,121,124,124,127,126,125,128,123,127,132,127,122,129,127,132,131,127,129,127,134,131,131,129,133,126,127,131,134,135,138,136,132,135,131,132,129,132,137,136,133,132,131,130,136,130,131,131,128,131,130,134,128,128,130,124,128,130,127,127,122,126,124,123,115,119,121,123,121,122,124,121,121,116,124,118,119,116,123,120,114,119,118,120,121,114,114,123,113,120,116,124,114,109,112,115,110,112,108,106,104,101,103
124,125,121,124,123,120,124,114,121,121,123,119,118,120,125,119,115,120,125,121,119,123,123,121,121,122,127,123,122,123,124,124,125,121,124,128,125,125,129,129,131,126,128,124,130,131,135,136,131,130,129,128,132,133,136,135,139,137,135,132,132,129,135,134,132,133,134,127,136,134,132,129,126,132,127,130,131,129,126,129,127,125,124,128,127,130,129,130,123,125,120,122,118,124,122,119,127,119,127,118,115,123,117,118,115,112,120,119,113,122,119,113,117,117,119,119,118,115,113,110,114,113,108,112,114,107,104,106
125,127,122,123,125,126,121,121,118,121,124,120,124,116,125,124,119,121,125,124,120,123,123,121,124,124,126,120,120,123,124,123,122,123,128,127,123,123,127,130,129,131,127,130,131,134,134,131,134,133,128,131,129,125,135,132,129,131,131,127,130,127,130,131,131,136,134,129,131,132,131,131,134,130,130,131,132,132,133,127,124,128,124,126,124,127,121,125,126,119,125,123,118,127,121,118,119,118,118,125,116,125,118,117,115,119,115,115,112,111,117,115,111,114,123,123,120,114,113,113,114,112,110,110,106,106,104,111
124,120,125,122,123,120,121,122,117,121,127,119,124,120,118,122,121,120,121,121,122,125,122,121,117,123,121,118,121,123,121,127,125,125,131,122,124,126,127,133,128,130,128,129,130,132,127,129,130,130,130,131,132,129,131,133,130,132,133,129,126,130,127,131,131,130,134,127,131,132,134,129,131,132,132,126,131,129,133,129,125,127,128,128,125,121,123,127,125,119,124,126,122,122,121,115,124,119,120,116,117,119,119,118,115,116,117,118,117,119,116,116,116,115,114,121,119,115,115,116,110,106,111,105,102,110,105,109
124,118,117,123,122,117,124,118,115,127,127,118,123,119,123,121,118,119,120,126,117,125,123,120,122,121,122,121,120,125,127,124,125,120,131,124,122,128,127,132,128,129,129,126,129,129,127,128,135,132,126,132,135,131,135,133,128,130,135,136,127,131,127,130,131,134,130,133,132,133,132,131,131,126,126,128,127,132,130,126,127,126,125,125,125,126,129,124,124,128,121,123,121,123,121,121,120,121,119,119,115,117,117,120,120,116,116,122,116,115,115,119,114,118,118,121,115,117,112,114,110,111,113,110,107,112,107,110
127,124,122,124,118,118,127,123,118,122,120,119,121,123,120,119,126,124,122,132,115,126,124,123,121,119,127,122,122,124,126,125,128,124,124,125,125,127,124,129,125,128,132,127,132,129,129,134,135,136,133,126,133,132,132,130,132,129,134,133,133,128,130,136,131,132,130,125,135,138,131,131,134,129,126,131,130,129,125,126,127,123,131,125,126,129,125,125,126,125,122,124,117,122,118,129,116,123,117,120,118,118,123,121,119,112,110,124,118,117,122,120,112,117,118,117,116,117,115,112,108,105,114,107,106,105,107,107
125,122,119,123,118,118,115,121,122,117,120,117,122,125,120,119,127,117,121,121,121,123,123,121,123,126,121,124,127,118,124,127,125,125,126,132,126,129,121,124,124,126,129,134,132,122,132,131,130,133,132,127,134,136,133,132,130,133,131,132,136,131,130,136,131,135,132,130,134,135,133,129,131,129,131,131,127,126,130,128,133,122,126,123,131,124,126,119,122,116,125,119,121,117,126,118,118,118,117,117,112,116,122,112,115,116,114,116,122,116,111,118,113,109,114,113,117,118,111,111,117,108,104,105,109,109,105,108
124,123,122,122,121,122,119,123,121,121,118,120,122,127,120,121,121,124,124,122,121,128,126,121,122,121,118,126,123,129,123,126,124,125,127,124,128,131,127,125,126,132,133,133,130,131,130,124,131,130,136,132,130,132,130,137,131,131,135,132,135,134,129,131,132,132,131,131,133,126,129,127,131,132,131,130,127,129,129,128,124,125,125,130,125,120,129,123,126,116,119,121,116,118,122,120,118,117,117,117,116,121,116,117,118,114,120,115,115,115,110,116,116,111,118,115,111,117,117,116,117,115,107,102,106,105,104,103
124,123,122,119,123,122,122,124,116,121,117,124,121,123,118,117,120,126,120,118,118,123,121,125,122,123,119,126,118,124,126,125,124,122,127,131,124,125,126,122,130,126,128,133,131,131,129,130,132,133,134,134,130,134,131,135,126,128,132,131,134,131,126,135,131,136,132,134,126,133,132,132,131,132,129,129,128,127,125,129,128,125,126,129,124,129,127,125,120,120,122,124,121,123,122,125,125,118,116,119,120,112,118,117,116,115,117,118,114,112,118,115,112,116,120,116,119,114,110,111,110,111,109,110,108,106,108,106
131,120,120,116,123,117,118,122,118,118,119,120,123,123,119,124,119,120,127,117,115,118,120,119,123,120,125,121,124,124,126,127,125,118,127,128,124,125,130,127,126,126,128,128,125,129,133,130,133,126,128,129,131,131,128,134,127,133,137,128,134,127,130,134,134,130,128,132,133,129,133,133,133,130,127,132,127,127,127,133,127,123,127,124,126,124,124,121,119,117,117,121,115,118,125,117,120,116,114,116,119,114,121,114,115,114,116,116,116,117,115,118,116,115,116,113,112,111,113,112,113,109,109,109,114,109,109,107
123,123,128,119,119,122,117,119,123,119,120,122,121,118,114,124,118,124,116,120,125,121,123,123,124,121,120,125,126,126,126,118,123,125,124,127,128,127,129,126,125,130,129,123,132,125,135,133,128,124,130,126,131,132,128,133,130,138,133,130,129,126,135,139,130,127,129,137,129,134,131,132,129,127,134,130,130,130,128,131,123,132,120,124,125,126,123,123,123,119,121,120,117,119,122,116,114,116,118,124,119,120,114,118,116,118,114,116,116,118,116,117,119,115,116,114,114,109,115,117,112,111,113,109,104,111,103,112
127,123,121,120,121,125,121,115,121,119,121,123,123,117,118,124,122,121,122,125,121,122,122,123,125,126,123,123,125,123,124,120,124,124,120,127,128,126,126,129,127,124,129,126,126,125,130,128,131,130,130,127,134,129,127,138,131,134,135,131,130,132,133,130,131,130,131,129,130,130,129,126,131,128,131,132,130,130,130,123,123,127,127,124,125,124,129,126,126,120,120,115,119,114,122,121,118,120,121,119,110,121,115,113,116,113,113,116,116,116,114,111,116,112,114,111,111,113,117,112,110,110,110,110,106,110,109,104
125,121,119,123,121,122,121,118,120,118,120,123,124,118,120,123,124,121,124,120,120,120,126,122,121,123,123,124,125,122,126,126,127,121,127,125,126,128,122,126,127,128,127,124,125,129,125,125,133,130,131,129,127,129,130,133,125,132,137,130,128,126,128,128,131,129,130,131,130,129,130,125,129,125,130,128,128,128,128,127,123,120,124,125,126,122,123,122,123,119,118,124,116,115,120,118,117,120,118,114,117,123,116,112,118,113,112,114,115,119,120,117,114,113,117,114,112,113,114,108,117,111,112,113,106,109,106,105
124,126,126,124,116,121,120,119,122,120,122,120,127,122,117,120,122,121,116,116,117,124,125,120,120,120,121,118,123,126,130,125,128,124,122,125,123,130,121,126,134,126,128,126,127,131,129,125,129,130,125,130,127,129,129,131,130,126,128,132,127,130,129,128,130,132,128,133,128,126,132,124,127,128,129,130,128,125,127,126,129,125,124,126,125,126,123,122,121,118,122,119,115,119,118,118,117,122,118,112,118,118,117,116,115,113,118,116,117,117,119,118,113,112,116,111,113,116,115,108,111,110,113,113,106,109,112,114
121,117,125,123,117,122,119,122,120,122,119,120,120,118,115,112,123,121,120,123,122,119,120,121,121,120,120,119,125,119,122,127,120,122,123,126,124,130,124,128,125,129,126,127,129,131,135,131,130,128,129,131,131,133,131,132,128,126,127,134,128,124,128,130,134,126,129,132,132,128,127,130,127,129,125,127,124,125,129,124,129,126,121,124,122,122,125,121,121,119,119,122,119,116,121,120,117,119,116,115,120,115,113,111,114,117,115,113,112,115,114,123,114,113,115,108,117,114,118,111,107,111,110,113,107,104,110,105
121,124,129,123,112,124,122,119,117,121,121,118,116,122,119,116,119,119,122,123,120,122,125,125,116,123,120,120,128,128,123,116,119,124,126,122,123,125,120,129,122,125,131,126,127,128,130,132,127,130,136,132,125,131,133,135,133,129,126,132,129,126,128,129,129,129,129,130,130,130,130,126,129,130,124,130,120,129,128,122,128,127,127,126,125,127,122,118,119,116,110,118,117,119,118,116,118,118,118,118,113,116,115,121,119,115,118,112,114,115,113,116,118,112,112,114,113,119,115,115,109,110,109,107,107,107,110,112
124,124,124,120,122,120,117,113,118,117,116,117,115,118,117,118,121,124,115,119,119,120,124,123,122,121,118,120,122,125,129,122,123,121,130,126,119,128,126,127,125,129,130,128,129,130,130,130,129,131,129,133,126,131,131,130,133,131,128,129,127,122,127,129,128,129,128,128,128,122,126,128,123,125,132,128,123,124,122,126,123,125,129,121,124,125,123,126,121,124,116,118,118,123,117,118,116,116,114,116,116,116,115,118,116,116,107,116,115,115,116,117,115,115,111,110,114,116,115,116,113,110,111,116,106,112,114,112
120,125,116,124,117,118,119,115,116,119,119,120,114,112,125,115,123,118,117,119,117,120,123,123,113,123,118,124,124,120,125,127,121,119,124,123,120,123,124,130,121,128,128,134,128,130,135,127,132,132,128,129,129,127,132,129,131,130,130,127,126,123,128,127,131,129,132,129,130,131,129,126,124,129,129,128,123,130,127,127,125,122,129,126,120,126,122,123,125,117,122,121,116,118,117,117,111,114,117,117,118,118,121,117,113,112,110,113,119,113,120,112,114,112,111,115,112,117,113,114,112,110,110,112,106,110,110,109
122,121,116,125,121,123,119,119,114,117,118,121,114,112,120,122,122,120,120,117,119,121,121,121,130,121,123,123,118,127,122,124,119,120,127,127,121,123,127,125,126,132,125,127,126,127,130,128,130,133,127,125,130,136,128,130,130,133,130,127,127,129,128,128,128,129,128,129,129,128,130,128,127,127,133,127,128,128,125,125,125,123,124,126,125,124,119,119,121,120,119,117,113,118,117,118,120,113,118,117,117,115,117,117,112,118,106,113,117,113,118,113,115,111,119,111,111,112,113,110,113,114,108,107,112,111,109,108
125,120,127,123,122,124,123,121,119,117,119,116,119,113,120,124,114,118,118,121,120,118,119,120,127,122,121,119,120,125,118,123,119,119,128,128,122,120,122,124,127,126,123,123,127,128,132,128,130,133,128,124,128,134,130,127,132,130,129,130,134,131,126,126,126,130,131,129,128,130,130,126,126,128,124,129,128,131,124,123,122,125,121,125,123,124,119,119,119,118,117,123,118,118,116,115,117,114,116,117,116,117,112,115,114,113,115,111,111,116,119,115,115,110,115,112,110,114,111,110,114,107,113,109,108,107,108,111
126,124,124,125,119,118,117,119,120,117,116,117,115,119,119,121,119,118,126,119,119,120,120,121,121,120,122,122,122,124,124,118,126,124,122,124,127,123,128,122,121,125,128,129,124,126,128,129,126,135,127,128,128,129,127,128,129,131,128,132,130,131,130,127,127,129,133,129,126,130,123,130,124,127,129,126,126,125,130,125,126,124,123,126,125,126,121,118,120,118,121,120,119,117,120,118,115,112,114,111,112,114,115,114,118,116,116,114,114,114,120,116,116,112,117,114,114,112,112,112,112,110,113,109,106,111,108,117
127,121,120,120,121,121,115,120,116,118,118,121,115,122,117,118,118,116,117,115,116,126,120,120,121,117,121,128,122,129,125,124,122,122,120,117,123,120,131,129,127,126,125,126,129,126,126,129,128,131,128,130,126,124,124,129,131,128,127,129,132,130,128,130,132,127,134,129,131,126,126,133,129,126,127,125,125,123,128,125,123,124,125,124,123,120,119,119,118,126,122,120,116,116,122,117,118,116,115,113,111,116,114,115,116,115,108,117,119,114,118,111,119,116,110,115,114,117,111,115,111,110,111,109,105,111,113,110
128,127,125,118,117,120,116,120,122,117,119,121,121,119,125,122,114,123,115,116,120,120,122,119,125,122,122,119,123,128,120,121,119,120,124,126,124,117,128,127,126,123,123,127,129,134,125,127,130,130,132,127,130,126,128,128,133,128,131,126,126,131,129,131,127,128,127,129,129,130,126,125,131,127,121,128,126,129,121,129,127,122,127,125,123,118,123,127,119,120,119,118,115,124,116,118,120,111,117,116,114,113,118,114,114,111,115,118,115,115,118,116,111,118,118,114,116,118,112,113,109,109,112,117,112,111,101,109
124,123,125,127,123,119,119,118,115,123,126,118,118,120,117,123,122,116,124,119,119,125,117,116,117,118,120,121,124,122,124,125,123,124,125,124,128,124,128,124,128,124,127,121,123,126,123,136,125,128,129,131,129,129,125,131,129,127,132,129,129,126,128,130,127,132,131,128,126,132,122,126,128,126,127,123,122,129,124,126,130,122,120,119,120,120,123,119,126,116,116,118,120,122,117,115,120,114,115,119,116,111,112,111,112,116,116,115,113,118,114,115,110,116,114,110,110,107,115,112,111,109,112,112,116,110,111,115
123,124,122,121,119,121,119,120,119,114,119,115,115,122,117,120,124,117,119,114,119,124,121,116,116,119,120,119,121,119,127,120,122,128,123,125,124,125,132,129,129,123,130,122,127,126,130,126,127,126,125,129,129,127,130,133,132,128,130,123,128,133,129,126,130,127,133,128,124,130,122,124,129,124,129,127,124,126,123,123,122,127,124,118,124,118,123,124,121,121,119,114,118,113,117,118,115,114,110,117,113,115,112,116,115,113,111,111,108,114,113,117,114,111,111,113,112,118,114,112,116,111,107,111,108,109,117,107
123,120,124,125,114,123,114,121,116,121,117,119,121,120,119,118,119,118,119,124,122,117,119,120,121,120,118,123,115,124,122,122,121,123,121,123,127,123,125,130,127,134,131,123,126,122,127,133,124,127,127,128,123,126,129,129,128,127,125,124,125,126,127,125,128,125,128,127,127,128,126,125,125,127,125,121,127,125,122,125,125,119,121,124,120,119,120,125,121,119,122,118,117,116,117,117,116,117,120,117,113,116,112,118,109,107,112,110,114,116,115,117,113,110,115,114,113,111,116,109,113,114,108,112,105,108,112,112
123,122,122,121,116,122,121,116,117,113,116,116,120,118,120,122,123,122,120,120,121,120,121,118,115,118,117,123,122,124,122,122,121,124,119,122,123,122,129,134,126,123,124,129,123,121,127,131,126,126,125,129,125,127,126,129,130,127,130,127,126,128,128,128,126,123,128,124,130,130,123,126,130,126,125,124,130,122,120,118,120,120,121,124,118,119,126,120,122,119,117,113,121,118,114,118,118,110,115,115,113,113,112,120,113,112,113,113,112,124,116,116,116,110,111,113,116,115,114,116,112,108,103,113,108,107,111,105
125,121,123,121,116,125,119,117,116,117,118,115,120,117,125,116,121,119,119,121,119,119,120,119,122,116,119,118,125,123,124,122,122,120,128,122,126,120,127,128,131,126,123,124,123,124,128,132,124,124,123,127,124,126,127,131,127,129,123,126,127,129,123,124,125,124,122,124,127,128,125,124,124,125,127,124,130,123,120,125,124,121,120,122,120,117,123,115,119,119,117,121,122,117,115,116,118,113,116,113,115,113,112,124,114,110,114,112,110,111,115,117,109,116,110,108,113,111,109,116,112,113,110,110,107,106,117,107
126,123,122,122,121,117,120,117,113,121,118,113,121,118,121,117,117,120,119,122,119,121,119,118,123,118,119,122,119,117,124,122,122,123,130,124,124,124,125,126,125,125,122,124,126,126,128,129,125,125,125,128,125,124,125,130,126,125,122,127,125,125,127,128,126,125,124,122,123,122,127,125,121,122,127,127,125,126,123,123,126,116,119,121,118,122,119,123,119,116,121,119,118,116,115,114,120,113,117,112,114,111,112,117,114,113,119,110,110,106,113,111,115,113,115,110,115,111,111,110,112,113,110,109,110,110,114,110
124,122,122,121,123,118,117,118,109,119,116,118,119,121,118,117,120,113,120,118,119,121,115,118,120,117,120,118,117,117,122,126,120,121,130,121,124,125,129,130,127,130,125,124,125,123,122,125,125,128,125,125,126,128,131,134,129,129,124,126,130,125,128,127,127,128,128,123,127,121,124,126,121,124,126,129,122,126,120,122,124,118,122,120,116,119,121,122,118,121,114,121,114,116,116,117,119,117,112,112,114,111,116,113,111,111,119,112,107,107,114,111,116,114,117,110,107,110,108,113,110,114,111,110,114,113,112,114
121,122,120,123,120,116,116,118,117,119,123,118,116,118,116,120,118,116,122,116,118,123,118,120,120,121,125,116,118,121,126,124,115,125,129,121,123,125,121,130,127,124,125,125,123,125,126,124,128,126,126,126,126,129,129,127,126,127,124,126,129,123,122,127,127,121,127,127,123,127,119,125,123,123,127,122,120,123,120,122,122,116,121,116,120,119,122,123,122,115,118,117,115,122,118,115,112,115,112,117,119,114,115,114,115,112,112,112,113,105,111,118,115,115,114,112,110,116,109,115,116,115,111,110,115,118,114,116
122,119,121,118,119,121,123,114,116,116,117,121,114,115,121,119,116,112,120,114,119,119,114,119,120,119,117,122,114,123,122,123,122,124,122,122,126,127,121,126,123,125,123,123,124,126,125,127,128,123,126,127,129,126,125,125,125,125,125,128,128,125,125,127,129,122,125,133,122,125,124,119,125,122,121,127,122,124,121,120,121,117,121,121,119,116,121,121,119,120,117,115,113,119,115,115,119,113,114,112,116,111,114,117,113,113,113,115,109,111,112,114,118,110,111,115,112,107,114,111,113,111,106,108,112,110,108,110
126,125,125,118,121,121,114,113,119,123,118,113,112,117,117,114,122,116,115,117,115,121,120,119,121,117,124,121,118,122,121,121,120,120,122,120,123,120,126,124,121,125,125,127,124,122,124,125,124,123,117,120,123,121,128,130,122,126,121,128,127,125,125,124,124,123,127,129,122,123,122,123,123,124,126,127,122,125,121,124,121,120,126,120,120,120,122,118,118,117,119,118,114,114,119,114,114,114,115,114,107,113,114,113,114,114,114,109,113,113,109,114,114,112,113,114,113,114,112,113,107,108,114,108,110,109,113,109
123,123,124,124,117,123,117,125,115,116,117,117,112,116,114,119,114,115,123,116,120,125,121,124,123,124,118,122,117,117,121,122,122,119,120,117,122,125,125,122,121,128,128,124,129,123,125,125,129,118,128,127,123,130,127,127,122,125,124,122,124,125,126,121,124,121,121,123,121,121,125,126,119,119,123,120,118,120,124,122,121,121,119,117,120,117,116,117,115,114,115,111,116,114,118,115,113,112,113,111,112,112,113,113,115,110,110,113,110,107,110,109,111,112,108,109,111,111,110,113,114,114,113,109,105,107,111,114
127,118,119,125,115,121,122,122,116,118,117,122,114,121,121,118,120,116,116,118,118,119,121,116,123,118,117,116,119,121,122,120,118,121,122,119,127,121,125,126,123,122,125,123,124,119,126,124,125,126,125,124,128,127,126,123,121,123,121,125,122,127,124,123,122,124,122,121,125,122,124,121,120,119,123,124,126,124,117,120,116,119,117,116,118,118,116,114,116,110,116,115,116,116,112,114,114,109,115,113,113,114,113,112,109,113,114,114,108,109,108,107,108,113,112,105,111,114,111,106,111,108,109,108,106,114,111,115
122,126,119,121,119,117,118,118,116,117,117,114,116,122,114,114,120,116,118,122,118,121,119,119,119,119,122,124,119,126,119,125,122,120,118,120,125,122,120,120,120,123,122,119,122,123,123,119,119,123,119,125,126,122,124,124,122,125,122,123,124,121,122,124,127,122,122,120,124,122,120,121,122,117,116,124,121,121,119,124,115,121,118,117,120,119,114,119,117,117,119,114,115,110,116,116,114,111,119,113,117,109,116,113,112,115,116,114,111,116,112,113,107,114,118,111,111,113,114,111,113,108,113,112,111,115,117,116
122,130,118,119,121,122,120,116,117,118,115,114,117,122,118,120,119,118,120,120,119,120,114,118,119,117,121,120,119,126,118,120,123,120,119,121,121,120,122,120,122,124,123,119,123,123,121,118,121,123,118,123,123,124,125,127,126,124,122,126,123,122,123,125,123,121,121,121,122,121,123,122,119,121,117,122,118,121,123,118,121,120,118,118,116,54,54,113,115,116,117,115,117,112,113,112,117,112,113,109,108,112,112,111,112,110,111,112,110,113,111,108,109,113,112,112,115,113,109,109,116,110,110,113,106,113,117,120
125,124,114,111,117,121,120,116,111,116,118,116,115,116,117,119,118,121,124,119,116,118,116,115,121,117,118,118,115,118,123,121,121,121,119,121,119,119,128,121,123,122,123,124,126,123,123,122,128,122,123,124,121,119,124,125,122,124,124,121,120,123,121,125,122,117,121,121,121,121,120,123,116,119,118,122,123,125,119,115,121,122,113,113,38,38,38,41,99,110,118,112,112,118,114,112,116,111,112,115,115,106,112,114,107,110,104,111,111,109,114,109,110,109,113,109,113,109,108,117,110,108,118,112,106,115,110,118
129,126,115,122,118,124,118,115,111,117,116,116,114,112,117,123,116,114,117,116,114,112,120,116,120,120,120,116,120,119,120,119,125,121,117,123,118,123,125,117,127,121,121,122,123,123,127,126,124,119,127,127,125,125,121,125,125,125,123,120,124,123,122,123,116,121,122,123,123,123,124,119,118,120,120,119,128,123,122,114,118,115,93,37,38,40,39,41,41,74,112,108,114,115,110,107,116,107,114,111,112,108,112,110,103,113,112,111,108,110,108,109,108,100,112,110,103,113,114,114,103,111,106,111,107,111,109,118
121,122,124,119,114,116,118,122,121,115,119,119,114,117,118,117,114,115,119,117,116,115,116,113,118,122,118,119,117,119,119,117,123,119,119,121,120,128,125,120,121,121,119,118,118,123,124,123,117,118,124,124,119,118,119,124,122,123,123,116,120,126,123,123,118,123,121,123,120,120,122,119,123,120,122,119,121,116,120,111,110,44,41,35,36,36,36,41,40,38,42,97,112,111,110,108,109,112,114,109,106,108,110,111,110,107,107,109,107,114,111,106,114,110,107,110,114,110,113,114,110,110,107,112,113,111,111,110
123,124,126,125,122,116,116,118,116,120,120,115,113,125,114,117,116,112,121,118,116,117,119,116,123,114,119,122,119,121,117,119,124,124,121,119,120,119,123,121,119,122,120,115,121,122,121,118,124,120,119,119,121,120,125,126,123,123,119,118,122,117,120,124,123,121,121,118,114,120,123,122,120,119,120,117,117,98,58,50,46,35,40,40,33,34,32,32,32,36,37,42,48,83,104,104,111,109,108,109,108,111,108,107,109,106,109,110,113,104,106,110,109,108,111,108,109,113,112,104,105,109,106,112,109,110,113,113
122,124,124,117,124,123,115,113,118,116,117,113,116,123,116,122,112,118,116,119,118,117,122,114,121,117,116,120,118,124,119,118,117,121,123,116,125,119,122,118,119,118,120,117,116,117,123,120,118,121,118,118,119,117,122,121,115,122,119,122,121,116,118,117,119,120,120,114,116,118,119,119,122,116,117,120,80,28,28,32,32,35,34,30,33,30,31,27,29,32,38,37,36,37,38,52,97,112,105,111,106,116,111,114,112,106,110,108,108,109,108,108,110,107,108,111,104,112,109,114,105,106,110,109,115,109,113,114
124,120,122,117,130,124,115,114,109,114,116,111,115,116,121,114,113,115,114,120,114,117,115,117,112,116,119,118,114,119,123,119,128,118,117,118,120,118,119,118,118,118,116,119,114,117,116,118,117,123,117,118,120,124,118,123,119,120,116,120,120,117,118,117,116,123,122,119,116,117,114,116,113,116,118,114,19,18,21,27,25,23,27,22,24,22,22,20,28,25,30,34,35,34,35,35,36,36,95,110,106,108,111,116,114,109,108,107,111,110,109,108,110,109,107,109,108,109,108,114,107,107,111,110,109,114,111,118
124,118,123,117,118,119,116,114,119,117,115,113,117,117,117,117,116,116,117,116,109,112,112,116,118,118,118,116,117,120,122,114,124,120,114,118,124,119,118,121,119,118,122,116,115,115,118,117,112,121,114,122,120,124,122,121,121,119,119,121,118,120,120,119,116,115,119,118,120,115,116,117,116,116,118,115,18,2,8,11,16,17,20,16,18,21,16,17,24,20,26,26,27,32,32,33,34,33,37,81,107,110,107,112,109,107,112,107,112,109,109,111,107,107,107,111,106,106,111,108,108,108,108,110,107,112,112,115
121,120,120,120,116,120,114,115,114,117,118,118,117,115,112,116,122,118,117,117,115,118,111,115,119,119,121,116,118,124,118,116,117,117,120,117,123,124,113,121,116,117,120,117,119,113,121,120,114,33,106,121,113,120,117,121,118,109,116,119,117,118,121,117,116,112,115,119,118,117,116,116,116,117,116,116,10,2,1,7,13,12,13,13,15,17,10,15,25,16,24,23,22,26,30,28,33,35,35,35,103,108,110,109,107,107,108,109,107,111,106,110,107,107,105,105,108,107,106,108,110,108,114,109,110,107,112,118
113,116,124,120,118,118,114,116,119,117,118,113,116,120,114,119,115,116,114,125,115,116,112,117,122,119,119,118,116,120,116,117,119,115,118,118,121,120,119,114,115,121,119,119,119,118,118,120,89,17,20,12,7,91,113,117,119,113,121,114,115,115,116,119,114,112,114,115,118,116,115,115,109,118,117,115,39,0,0,4,5,13,11,11,14,7,5,13,22,20,20,20,22,22,23,25,33,34,31,32,32,105,107,109,108,108,104,108,103,108,102,107,107,109,106,108,105,107,105,108,105,107,111,111,113,106,116,114
117,119,125,122,114,117,119,119,118,119,109,114,118,116,115,118,114,112,118,112,115,107,116,120,117,116,117,122,118,118,115,118,114,119,120,121,116,122,117,127,118,120,119,120,119,120,120,120,61,17,16,16,15,16,19,12,48,111,121,115,111,116,115,119,115,111,111,105,115,113,118,112,112,112,109,110,105,2,0,2,7,7,9,9,11,7,8,19,23,23,19,20,15,14,21,22,30,34,32,34,35,66,108,113,111,114,110,110,103,109,106,106,110,106,106,111,105,105,105,107,110,107,111,112,107,107,111,115
118,122,120,120,120,117,116,116,112,116,108,113,116,116,120,112,117,111,114,113,116,111,113,117,115,117,114,116,120,121,121,117,119,116,113,118,116,114,114,120,116,115,117,115,119,119,116,112,26,20,20,20,17,17,16,17,16,21,15,34,74,113,113,92,68,57,47,46,41,48,45,49,47,43,39,30,38,4,1,2,6,2,3,7,6,7,6,12,21,18,19,17,13,14,18,20,27,33,35,34,33,34,99,103,107,107,105,106,111,112,106,108,107,107,109,109,107,112,110,104,108,109,106,112,111,110,114,113
121,114,120,126,124,117,120,119,112,114,114,113,116,116,118,111,120,115,113,112,112,116,117,121,118,115,119,114,121,120,124,117,121,118,115,116,115,116,114,119,118,116,113,118,115,119,115,108,28,20,21,20,21,17,20,20,19,16,15,40,42,46,49,48,40,38,41,46,45,46,42,45,44,41,35,20,7,3,0,12,7,3,9,6,7,10,9,12,16,14,18,19,15,18,14,16,27,32,34,39,35,33,35,105,112,105,106,111,103,107,106,108,106,105,109,104,106,109,104,106,107,108,109,115,109,114,115,110
117,117,119,118,119,118,115,117,117,116,116,117,116,120,113,114,112,112,118,118,113,119,112,118,117,116,115,119,116,111,114,113,118,116,113,115,114,119,115,113,114,117,115,112,115,116,116,108,30,20,17,15,19,21,18,17,8,40,41,41,40,41,47,42,38,42,47,44,46,46,46,43,43,45,37,27,21,8,1,7,7,7,12,9,12,7,7,2,1,7,14,14,13,17,19,20,24,27,33,36,39,29,33,25,113,106,109,107,105,103,109,107,102,105,110,109,103,107,107,105,103,105,106,112,109,115,114,113
124,114,123,113,119,125,120,116,117,117,113,112,114,119,114,113,114,111,118,113,114,114,113,122,116,118,117,115,118,114,116,114,115,120,115,114,116,122,116,114,115,115,111,113,117,115,117,115,25,20,19,54,7,10,13,3,38,39,41,41,38,39,42,41,35,38,42,40,42,43,41,40,42,42,38,33,23,20,8,3,6,2,5,4,2,1,9,7,8,8,5,11,19,16,15,14,21,26,34,38,40,35,33,28,28,108,107,110,106,103,106,107,106,105,106,105,105,104,113,109,105,110,110,112,110,112,113,115
125,117,121,118,120,118,120,112,118,112,112,120,115,114,116,110,115,116,114,113,117,110,116,114,115,118,120,116,111,118,112,114,113,115,114,110,115,116,117,117,112,115,115,112,116,115,116,114,25,20,20,108,162,159,134,30,33,35,37,38,35,38,39,36,34,32,38,35,37,34,34,35,37,38,34,33,28,22,14,12,14,5,10,7,10,7,3,6,9,8,5,9,4,3,6,9,17,22,30,33,36,37,33,26,34,54,102,107,102,108,110,107,109,106,107,105,104,105,107,101,105,109,108,112,108,112,113,110
122,118,120,121,117,119,113,115,114,116,115,119,115,112,115,116,113,112,113,115,115,110,115,110,113,116,116,116,111,111,115,117,115,113,113,112,113,112,116,116,110,117,115,114,116,115,112,110,24,20,20,24,51,113,155,28,28,32,34,36,32,35,38,33,31,31,32,35,33,29,29,30,31,32,34,29,30,24,19,16,17,17,20,17,17,10,8,8,7,5,8,8,3,4,0,8,17,18,25,28,36,34,36,32,28,33,94,105,105,105,106,104,109,108,105,101,104,107,107,107,104,106,107,106,109,112,112,114
121,120,118,118,113,120,111,117,117,117,116,116,111,116,112,112,112,112,113,112,111,107,115,116,112,114,116,115,108,113,114,112,117,115,113,115,111,110,111,116,112,116,109,106,115,113,114,107,21,21,21,26,27,105,30,18,25,26,29,30,32,32,33,32,26,26,24,28,30,29,25,28,22,31,29,26,29,20,19,21,21,23,26,21,23,20,15,15,14,12,10,3,8,10,2,4,13,18,21,25,29,33,37,30,26,27,28,100,105,104,106,103,105,108,104,109,102,106,106,103,106,109,106,104,110,111,110,111
121,121,119,113,117,119,113,116,115,111,118,115,113,115,113,113,113,109,110,111,115,115,115,111,113,114,111,111,111,111,112,111,112,115,115,116,114,110,111,113,114,114,114,106,109,113,109,108,23,21,20,98,124,106,41,18,18,20,25,27,28,26,25,27,23,25,25,26,24,22,23,22,25,25,26,27,22,15,17,20,22,21,20,25,23,25,13,20,21,16,15,7,7,11,14,3,12,16,17,20,27,33,35,30,25,26,29,56,103,104,104,104,106,108,104,105,106,104,105,104,108,104,108,105,111,116,114,117
120,117,119,124,120,119,111,109,117,117,113,113,116,117,113,107,116,110,115,110,114,114,112,114,113,118,109,119,116,116,116,116,117,118,115,117,114,112,110,113,115,115,110,112,109,114,110,105,22,21,22,74,49,59,50,17,15,13,17,24,20,18,19,19,17,17,22,18,26,20,18,18,19,18,21,25,20,14,18,20,20,22,19,19,20,19,15,23,23,19,22,11,4,6,24,7,14,18,18,19,24,28,30,26,29,26,20,25,94,101,101,106,107,110,107,109,107,109,105,102,107,109,106,107,106,108,118,113
121,120,118,120,118,123,114,113,112,117,110,120,116,110,113,113,113,113,116,110,118,111,113,113,111,113,110,114,111,114,113,117,113,112,109,114,109,108,116,115,113,114,108,107,109,112,111,101,25,21,13,39,45,43,31,16,10,12,13,11,15,12,15,6,13,13,10,16,15,10,15,10,12,16,14,15,14,9,10,20,19,20,16,19,18,18,12,16,18,24,23,11,12,16,24,14,9,18,15,15,22,26,25,29,27,28,20,23,28,96,105,108,101,100,106,108,101,101,104,107,107,107,107,106,107,113,111,115
126,118,117,117,113,111,119,122,114,116,115,117,109,117,112,106,108,113,109,115,115,112,111,110,119,117,111,110,115,109,111,112,114,112,106,117,114,106,114,111,109,113,115,110,110,106,106,97,24,17,31,34,37,42,38,21,5,6,10,9,1,10,5,8,13,8,7,9,4,6,3,2,8,9,10,9,2,7,10,19,21,20,13,12,19,15,10,11,21,20,22,3,10,12,16,22,4,17,16,15,21,23,23,22,29,23,24,20,22,76,104,102,107,103,108,106,104,99,105,107,102,110,108,110,112,107,109,113
117,118,120,120,114,110,119,119,115,112,116,114,112,109,113,110,112,117,112,108,106,113,112,111,110,111,109,114,114,112,109,116,112,114,106,111,114,107,114,109,114,108,117,106,108,108,109,109,21,23,28,34,32,36,36,30,22,16,11,12,13,16,14,14,14,14,10,8,11,13,12,13,9,9,5,7,8,7,18,23,22,20,12,13,12,7,8,4,10,21,23,0,1,4,13,18,7,17,13,16,19,20,21,20,21,19,23,16,20,30,100,105,107,108,106,106,104,101,100,109,108,104,110,106,113,108,109,113
117,119,118,118,113,122,120,115,112,111,112,118,107,117,113,114,108,115,112,112,109,100,101,101,110,107,110,111,110,109,113,105,112,108,109,111,107,110,114,108,112,106,110,110,112,111,103,95,22,24,22,24,28,33,38,33,34,31,28,25,30,30,34,35,34,34,28,25,28,21,18,18,20,18,14,13,9,11,19,20,20,19,13,5,15,2,5,2,3,17,21,1,0,4,2,12,9,14,16,14,17,18,19,19,21,15,18,16,11,20,75,104,105,101,102,103,105,105,109,105,105,102,108,106,110,109,108,111
119,123,117,118,118,117,114,115,115,112,115,115,106,118,117,114,108,109,109,108,104,75,45,68,97,91,92,110,112,108,113,108,111,111,106,114,107,110,112,106,105,106,109,105,107,106,104,91,23,21,23,23,18,28,33,35,33,33,34,25,30,35,38,39,37,39,38,33,31,31,33,34,20,16,17,13,14,12,14,15,19,17,10,4,13,6,6,0,2,10,22,2,0,3,1,9,5,10,16,12,14,18,20,20,20,17,17,17,16,16,20,104,99,102,105,104,105,104,106,104,104,104,106,108,110,107,109,110
120,117,114,120,114,114,119,114,115,116,112,112,110,118,116,116,109,111,113,102,57,31,16,13,30,35,48,77,104,111,110,113,110,113,107,111,107,110,111,108,108,107,104,105,99,101,100,94,23,22,18,19,18,24,27,32,34,34,34,25,28,33,34,37,36,37,37,36,31,36,38,39,35,29,25,14,13,11,7,8,9,14,12,8,9,2,4,0,0,1,20,2,1,3,6,6,7,8,14,10,12,15,17,16,16,18,18,16,16,7,21,100,98,99,98,105,101,105,105,103,106,101,103,106,108,107,107,114
120,116,119,112,120,118,114,112,120,111,117,109,117,117,113,113,107,111,111,67,30,22,12,8,7,7,17,26,87,60,107,105,110,110,107,108,109,104,108,109,112,110,100,103,98,97,94,86,26,25,11,13,17,20,25,28,28,27,27,24,27,28,33,35,36,32,33,33,29,35,36,40,37,36,31,20,15,11,9,7,3,6,13,12,13,14,7,5,1,3,16,18,5,2,4,0,6,4,12,9,11,15,18,19,9,10,14,17,13,10,17,87,101,97,102,103,102,98,101,101,105,106,104,106,106,102,113,113
115,119,115,118,114,112,114,112,112,113,110,112,113,111,110,111,114,113,111,94,19,26,16,11,11,7,7,12,46,56,93,110,106,110,110,111,109,104,107,106,106,103,101,99,99,97,93,90,27,23,17,12,19,18,18,18,20,18,18,23,20,26,28,31,32,29,32,26,29,30,35,36,35,33,29,24,17,17,16,17,17,16,18,13,13,7,5,12,4,4,11,14,9,6,7,0,3,6,5,8,12,13,15,9,15,11,12,18,11,7,9,19,30,70,82,103,104,100,103,111,104,106,104,104,108,112,115,109
121,121,122,114,111,113,113,116,114,110,115,111,116,114,109,107,108,104,103,84,17,22,18,15,8,10,3,21,27,45,25,105,108,102,107,102,107,106,100,105,102,104,97,95,97,83,89,89,30,26,27,87,19,14,15,12,14,15,14,17,18,20,20,27,30,28,31,26,25,28,33,36,30,30,29,19,15,11,15,16,17,15,17,15,17,12,12,2,9,1,9,19,14,6,3,7,5,11,8,7,8,15,11,19,16,13,13,14,14,6,11,17,5,11,17,99,96,106,103,99,100,99,107,98,106,104,108,109
120,119,119,112,116,113,110,114,111,114,106,110,111,110,114,106,109,104,101,62,12,20,13,21,5,9,19,20,27,34,28,93,65,72,98,109,103,105,102,104,102,98,95,92,92,91,85,76,24,23,31,240,163,18,18,18,19,11,8,15,9,16,17,19,21,19,24,23,28,33,33,33,30,26,28,19,11,10,13,9,16,20,20,14,19,19,10,7,8,3,7,11,12,7,1,4,6,11,7,4,11,9,6,7,14,13,15,17,13,8,11,11,3,3,7,26,101,105,103,103,105,100,103,105,108,107,108,107
117,118,114,114,115,110,112,116,113,110,116,107,109,110,109,110,106,110,70,26,6,10,19,7,2,5,13,13,45,30,20,23,8,13,38,85,99,103,97,99,96,96,92,89,90,76,80,70,26,28,36,242,40,29,37,37,34,34,22,17,12,16,14,17,19,15,13,18,23,27,31,27,23,24,26,16,9,8,9,17,14,17,23,15,17,21,12,7,7,8,4,6,7,5,4,5,1,10,1,7,7,10,11,14,13,7,13,13,9,10,16,12,5,5,8,19,99,101,98,100,100,102,104,105,107,108,108,111
119,115,118,116,110,117,116,114,112,111,112,112,109,110,108,109,108,98,53,16,17,17,13,7,6,7,15,13,47,17,14,10,1,14,17,19,61,91,98,103,92,90,90,84,80,75,79,69,25,26,37,247,30,35,37,39,38,38,39,36,34,27,19,17,14,13,5,18,17,22,26,28,22,22,21,18,13,11,10,18,16,17,20,18,14,18,13,15,4,6,8,4,3,5,3,7,6,2,8,9,6,5,6,11,12,14,15,15,11,7,12,17,6,0,7,16,102,97,103,100,100,105,108,107,110,106,106,108
116,117,118,111,115,109,115,111,109,108,114,110,107,110,108,113,110,98,41,17,20,21,7,7,9,7,14,14,53,7,6,18,9,16,22,17,26,52,97,93,88,87,85,82,76,72,74,61,21,24,34,246,25,29,35,39,38,39,39,42,43,38,37,36,30,24,15,14,14,18,17,20,21,23,29,19,15,11,8,10,18,14,19,17,12,15,17,13,2,2,10,7,5,6,6,9,7,4,8,4,7,7,7,8,15,13,14,12,15,15,14,15,10,14,8,15,104,103,101,102,101,106,101,105,108,112,112,106
124,117,113,117,117,114,114,111,116,110,108,108,107,109,105,113,109,93,33,18,22,13,6,10,8,8,12,10,30,11,6,9,2,14,15,19,31,34,47,77,85,84,80,79,72,68,73,57,21,23,30,250,20,26,30,32,34,35,39,42,39,39,37,42,45,40,38,36,35,33,21,16,12,18,31,23,17,12,10,17,19,15,19,17,13,12,17,9,7,5,3,7,9,5,5,4,0,7,5,2,2,2,5,8,10,11,14,9,12,6,11,12,11,16,13,13,95,101,99,99,98,99,98,106,105,110,107,101
114,118,115,115,113,113,111,111,110,107,108,111,109,111,105,105,108,89,37,18,23,8,5,12,6,10,14,0,20,7,5,4,6,14,7,16,27,21,25,43,77,77,75,70,69,58,59,53,21,21,28,254,19,17,23,27,34,34,39,37,38,37,36,37,44,42,43,42,37,41,38,34,15,4,13,31,30,26,24,24,22,20,19,17,14,13,15,13,14,8,7,11,5,8,0,4,0,5,11,8,4,4,7,10,5,8,11,9,9,6,5,16,13,15,17,15,96,96,94,96,96,97,103,102,100,106,107,107
117,114,122,112,117,120,115,118,115,110,108,112,111,105,113,109,105,82,50,18,22,16,5,17,14,2,1,1,3,1,7,11,4,3,11,12,30,22,22,23,62,73,66,66,56,57,54,52,23,18,27,247,21,15,17,21,27,27,33,32,32,30,33,40,41,40,39,42,40,43,46,40,37,33,20,24,29,29,34,29,33,26,20,18,10,13,17,16,12,10,3,11,13,8,6,0,4,4,0,7,9,11,6,9,7,6,9,9,14,16,6,15,18,16,11,11,65,98,91,95,94,100,103,102,103,108,103,103
113,118,112,118,113,113,112,109,113,113,112,110,111,104,101,106,105,92,66,19,20,19,9,18,5,0,12,9,10,9,13,10,5,1,16,8,30,23,20,19,50,71,63,57,50,50,48,36,22,21,29,250,48,16,15,15,21,22,28,27,27,25,29,33,38,41,40,35,35,43,40,47,40,44,37,17,19,26,33,29,36,34,30,24,11,11,18,14,6,7,6,1,7,11,10,3,0,3,4,7,13,6,12,11,3,15,11,12,7,11,17,13,17,7,9,15,28,89,89,90,99,99,97,99,102,110,104,105
117,116,123,116,115,110,111,109,109,114,113,109,109,110,107,109,108,105,81,20,16,17,16,6,1,12,7,0,0,1,8,9,11,4,9,10,22,23,16,18,45,70,67,55,44,39,43,34,24,23,31,253,226,6,24,19,18,22,19,24,20,21,24,32,35,35,35,28,30,33,36,38,39,42,37,25,15,23,27,28,31,31,34,30,24,13,15,17,5,6,9,7,5,7,8,9,12,6,3,7,9,8,6,4,4,10,7,9,16,12,16,11,16,14,11,6,16,51,76,82,98,100,99,104,102,100,104,109
115,112,116,118,114,118,113,114,108,110,106,108,107,103,101,106,103,103,95,36,17,20,10,0,4,12,2,0,0,0,0,0,5,7,10,9,19,20,16,14,32,66,61,52,48,44,44,34,24,24,25,248,218,239,170,28,20,18,17,18,16,19,21,23,31,30,33,26,24,27,28,33,39,39,35,33,24,21,17,23,24,30,32,28,26,22,19,19,12,12,11,9,4,10,9,1,11,8,8,5,10,11,4,1,4,10,8,8,15,16,15,17,14,7,16,8,16,18,73,80,95,100,99,102,102,101,106,109
115,117,114,117,113,110,109,113,108,105,114,112,107,107,101,102,103,101,96,52,20,16,11,2,9,13,6,2,0,0,0,0,0,9,16,14,16,21,18,14,22,61,63,54,47,43,41,34,25,19,20,252,213,230,227,249,169,17,23,17,16,18,18,21,25,30,31,27,22,25,26,31,35,31,31,30,22,15,16,19,20,25,30,28,32,25,21,21,20,14,15,11,1,5,8,9,11,7,7,7,5,7,7,4,7,6,9,6,12,10,14,13,16,9,19,16,14,18,19,68,74,94,99,100,102,105,107,114
115,119,116,112,110,110,113,112,107,105,109,111,107,105,101,99,101,96,99,74,31,18,17,14,13,15,8,0,1,0,0,0,0,5,9,11,10,13,10,10,16,52,59,54,44,40,38,32,16,7,15,254,216,223,244,241,217,247,153,32,25,19,16,15,21,23,25,26,21,23,26,27,34,27,27,24,22,8,15,16,16,22,26,29,33,27,21,25,24,17,20,15,8,4,2,6,7,8,12,10,5,3,5,6,10,5,11,10,14,13,14,14,18,15,15,17,15,13,16,28,63,90,100,97,100,102,108,111
116,115,112,109,112,115,109,113,110,105,106,113,102,102,100,102,98,98,96,87,57,39,18,21,17,14,7,0,0,0,0,0,1,2,4,6,8,9,12,12,14,45,54,48,43,38,40,29,15,8,16,254,226,233,246,245,215,245,246,247,225,174,39,22,25,21,21,19,18,24,22,22,28,31,27,21,18,14,13,20,17,18,23,26,30,23,21,28,24,22,22,16,16,12,3,8,7,7,8,8,7,11,3,12,5,11,12,13,12,14,15,15,14,9,18,11,10,8,12,15,37,66,86,86,102,101,108,109
114,108,116,104,112,114,113,109,111,107,111,107,105,107,98,98,98,92,87,86,50,64,15,21,16,15,7,0,0,0,0,0,1,0,0,0,3,6,6,7,8,15,13,45,40,37,39,26,15,5,14,255,223,249,248,246,220,247,253,222,248,243,72,30,33,34,32,21,19,20,19,19,19,25,24,22,16,13,13,17,18,20,21,26,25,24,22,21,22,22,20,13,16,15,9,7,4,6,11,8,7,7,5,9,9,12,12,14,10,13,14,12,13,17,5,17,13,10,10,14,15,48,81,89,103,108,106,107
109,107,114,116,113,112,107,100,108,109,113,107,98,102,97,97,95,90,93,87,77,26,23,21,19,15,6,0,0,0,0,0,0,0,0,0,0,1,0,0,2,7,11,11,16,22,37,26,11,6,15,108,186,222,232,216,214,247,249,229,243,246,28,31,34,36,35,35,23,16,17,17,14,17,25,27,18,16,14,14,21,18,24,24,24,25,22,21,22,25,19,22,16,16,9,9,6,7,1,8,6,10,11,5,10,11,11,15,9,16,14,12,19,16,11,13,15,15,18,9,5,21,57,75,91,102,104,103
111,108,110,118,110,113,114,109,109,104,104,101,98,94,98,95,88,89,76,84,18,21,20,20,19,15,4,0,0,0,0,0,0,0,0,0,0,0,0,0,0,0,3,4,8,8,13,16,8,6,11,203,195,94,76,86,184,249,251,248,245,173,28,31,30,35,37,40,42,29,19,16,13,13,17,24,23,15,21,24,23,26,27,27,27,28,24,25,24,25,24,21,16,16,16,9,11,3,8,2,6,8,10,14,11,13,11,10,10,15,14,13,15,17,18,17,15,16,12,15,6,18,25,54,74,96,100,104
115,108,107,112,105,109,109,109,109,107,99,101,98,93,90,93,84,82,75,67,20,21,21,20,19,13,1,0,0,0,0,0,0,0,0,0,0,0,0,0,0,0,0,2,2,3,5,8,9,10,14,255,227,230,244,248,228,250,249,237,221,110,28,28,27,30,34,36,40,40,38,29,28,17,13,16,18,21,26,30,29,30,31,26,30,30,25,25,27,27,23,21,21,18,15,17,9,12,11,7,0,1,5,6,12,9,9,14,11,14,13,15,17,14,19,19,17,15,14,9,12,14,9,26,46,79,95,104
112,112,110,116,109,108,105,112,104,102,102,101,102,93,94,85,81,78,76,48,20,21,20,19,19,13,1,0,0,0,0,0,0,0,0,0,0,0,0,0,0,0,0,0,0,0,1,3,5,8,16,255,228,241,253,251,227,252,251,243,247,236,24,20,24,27,31,37,41,35,34,30,37,37,35,32,17,16,27,28,31,32,33,31,33,32,27,29,23,25,26,21,21,21,17,9,14,11,9,12,8,1,0,6,2,8,12,11,8,11,11,15,9,14,8,16,18,14,15,19,14,9,13,13,29,53,81,97
113,111,109,109,112,110,104,104,105,108,105,105,93,91,86,80,77,77,65,17,21,20,19,20,18,12,0,0,0,0,0,0,0,0,0,0,0,0,0,0,0,0,0,0,0,0,0,0,1,8,17,255,227,252,255,252,229,252,253,254,241,250,19,18,21,22,26,32,36,33,32,30,34,38,37,40,35,17,17,19,25,28,30,29,30,26,24,29,21,26,26,23,20,19,17,11,17,14,11,13,14,12,4,3,1,3,11,13,11,10,14,13,12,14,10,15,12,13,11,13,16,11,14,12,8,28,52,67
114,110,112,108,107,110,109,105,106,106,100,100,92,92,77,78,71,70,38,22,20,19,19,20,17,11,0,0,0,0,0,0,0,0,0,0,0,0,0,0,0,0,0,0,0,0,0,0,2,2,19,255,230,243,255,253,231,253,254,252,215,232,193,27,21,21,26,32,38,31,31,30,34,40,39,39,36,35,11,5,22,28,25,30,32,28,25,27,25,25,27,27,20,20,20,10,18,13,11,17,16,15,8,6,5,8,13,14,14,14,13,12,10,17,11,13,15,18,14,15,9,9,13,14,6,10,27,47
117,110,116,108,107,108,110,105,107,102,95,99,91,85,73,74,63,60,20,21,19,20,20,19,16,12,0,0,0,0,0,0,0,0,0,0,0,0,0,0,0,0,0,0,0,0,0,0,0,3,21,255,225,229,235,251,235,255,255,255,223,254,251,215,24,26,25,27,31,29,30,29,29,38,35,35,36,39,30,2,15,21,19,25,32,31,23,26,24,27,26,23,20,18,20,19,18,13,18,16,17,12,12,12,4,3,16,7,13,17,12,14,12,16,12,17,7,12,10,17,7,9,12,14,8,7,8,26
112,110,106,111,110,103,105,104,106,100,98,98,86,83,79,72,62,19,19,19,20,19,19,17,17,9,0,0,0,0,0,0,0,0,0,0,0,0,0,0,0,0,0,0,0,0,0,0,0,3,27,255,244,244,252,255,236,255,255,255,235,244,239,255,244,26,22,25,29,24,30,33,33,32,33,31,32,34,31,15,11,17,19,22,26,27,24,27,23,22,25,21,21,15,19,17,12,17,17,18,15,17,9,9,0,4,9,5,7,4,9,10,7,14,9,16,9,19,16,17,15,15,9,9,13,7,5,12
107,109,108,105,107,113,107,102,105,99,101,93,86,76,73,70,17,20,20,21,19,18,19,16,18,6,0,0,0,0,0,0,0,0,0,0,0,0,0,0,0,0,0,0,0,0,0,0,1,4,28,255,231,254,253,253,238,255,255,255,218,232,249,255,254,240,20,22,24,24,26,29,33,31,31,34,31,34,30,24,11,11,15,19,19,22,28,27,23,21,22,23,20,23,20,14,8,17,17,16,15,16,15,8,9,6,4,11,7,2,11,10,12,16,14,15,14,15,16,15,19,17,15,12,15,6,12,9
112,104,110,107,101,107,104,101,102,104,94,91,83,79,71,69,22,19,20,20,19,19,17,18,17,8,0,0,0,0,0,0,0,0,0,0,0,0,0,0,0,0,0,0,0,0,0,0,0,1,27,255,224,245,241,251,238,255,255,251,251,254,255,255,255,252,244,49,29,24,25,24,29,28,26,28,31,32,26,23,2,14,7,14,15,21,25,23,22,22,23,24,17,19,19,19,12,12,16,12,8,19,10,5,4,2,8,8,8,12,6,14,14,14,11,10,10,14,13,18,18,18,7,14,10,5,13,12
114,107,109,106,109,109,103,103,104,95,92,90,80,73,65,17,20,20,19,19,19,19,17,16,15,8,0,0,0,0,0,0,0,0,0,0,0,0,0,0,0,0,0,0,0,0,0,0,1,3,27,255,227,237,234,251,239,252,242,255,255,252,255,255,255,255,255,251,222,33,31,27,26,22,18,27,27,30,27,22,2,3,10,10,20,21,23,27,24,20,21,19,20,21,16,20,18,17,18,15,17,15,12,12,6,9,6,9,12,13,10,16,11,9,8,7,2,16,10,18,17,14,9,12,7,17,17,11
108,108,109,112,104,108,107,100,104,95,88,88,77,71,68,19,19,20,19,19,17,17,17,17,15,7,0,0,0,0,0,0,0,0,0,0,0,0,0,0,0,0,0,0,0,0,0,0,2,4,29,255,235,252,255,254,240,229,239,230,229,235,252,255,255,254,255,251,252,250,177,21,26,19,18,22,23,24,28,21,3,6,11,14,19,18,23,28,22,23,26,24,19,19,19,17,16,17,11,12,8,17,8,4,3,7,5,10,12,11,10,13,13,12,9,9,9,10,14,16,14,12,16,13,9,13,14,9
106,108,107,113,106,105,107,100,100,95,94,85,75,67,63,21,20,20,19,17,19,17,16,16,14,6,0,0,0,0,0,0,0,0,0,0,0,0,0,0,0,0,0,0,0,0,0,0,2,2,31,255,243,255,254,250,241,219,213,228,230,229,232,233,234,236,236,244,250,250,229,234,145,21,21,21,16,24,26,28,6,7,9,12,19,20,24,25,19,23,23,21,19,20,19,16,17,17,13,11,12,14,12,8,4,6,4,12,9,6,13,8,12,14,14,13,10,17,10,12,15,15,17,13,8,6,15,7
107,107,108,110,106,110,102,100,97,95,89,81,77,70,58,22,19,18,18,19,17,18,19,17,14,4,0,0,0,0,0,0,0,0,0,0,0,0,0,0,0,0,0,0,0,0,0,0,2,2,34,255,240,250,240,240,242,242,234,227,225,208,211,214,221,224,221,222,223,226,222,221,236,238,86,22,18,19,19,24,16,0,4,13,18,19,22,20,22,19,19,20,18,16,19,19,12,16,17,13,12,9,14,5,9,8,6,7,8,8,13,13,12,13,14,12,13,18,17,15,18,12,15,15,17,8,13,11
108,110,107,108,107,104,99,100,99,96,93,81,80,73,59,22,20,18,20,17,17,19,19,17,14,2,0,0,0,0,0,0,0,0,0,0,0,0,0,0,0,0,0,0,0,0,0,0,2,4,33,255,225,227,241,254,244,243,235,220,221,221,207,236,230,222,207,198,212,209,212,210,215,213,215,213,72,27,19,23,18,6,2,9,14,20,23,21,21,19,19,20,19,21,17,14,13,13,16,12,11,7,10,10,8,5,12,2,5,12,11,9,6,14,14,17,14,15,18,15,11,13,17,13,16,16,16,8
111,111,109,108,107,111,103,103,99,97,93,84,78,67,58,20,20,19,16,16,19,17,20,17,13,1,0,0,0,0,0,0,0,0,0,0,0,0,0,0,0,0,0,0,0,0,0,0,1,4,32,255,230,249,255,255,245,233,252,236,223,205,228,235,225,220,209,240,231,225,221,202,198,192,192,198,202,194,18,25,16,7,0,7,11,17,21,21,19,12,18,19,14,16,14,12,16,10,10,8,8,11,13,12,5,6,9,4,7,12,3,9,12,15,9,15,13,19,17,11,12,13,17,17,12,19,16,12
103,109,105,109,103,105,104,102,96,93,93,81,78,66,62,21,19,18,18,17,18,22,34,22,15,2,0,0,0,0,0,0,0,0,0,0,0,0,0,0,0,0,0,0,0,0,0,0,0,3,28,255,244,255,254,250,245,202,249,253,255,204,203,200,196,193,195,213,222,222,208,213,196,196,207,210,210,188,195,47,17,15,9,4,12,17,20,13,14,17,20,18,15,10,15,15,15,6,15,10,8,11,10,10,5,5,3,8,12,9,9,8,10,8,15,10,14,19,14,8,11,16,13,17,11,19,17,10
108,108,107,107,101,108,104,101,98,95,88,81,69,61,54,20,17,19,18,19,19,29,158,39,34,11,8,1,0,0,0,0,0,0,0,0,0,0,0,0,0,0,0,0,0,0,0,0,1,5,28,255,248,247,250,255,244,217,255,255,254,179,179,191,163,191,197,169,193,195,229,219,210,214,211,211,219,200,221,215,51,16,12,5,6,13,18,9,11,16,12,7,15,10,12,9,13,10,8,7,3,6,6,9,3,4,5,6,4,4,8,13,14,10,11,10,14,17,15,15,15,13,11,16,6,15,20,8
108,108,109,107,104,105,100,98,96,91,85,84,68,62,49,19,19,19,19,24,15,21,175,40,35,40,52,17,13,2,7,2,0,0,0,0,0,0,0,0,0,0,0,0,0,0,0,0,1,1,31,255,233,246,245,249,243,163,249,254,254,220,214,217,209,206,202,152,173,187,233,231,231,229,225,225,217,209,213,208,210,69,24,11,8,10,11,9,12,11,11,12,11,11,6,10,13,10,5,7,5,1,3,0,6,3,0,8,6,3,12,9,11,13,11,11,14,15,13,11,19,15,19,10,11,18,16,18
110,108,106,108,108,106,104,100,101,94,88,79,68,58,28,19,17,19,38,1,14,14,170,38,40,33,37,40,43,32,70,47,7,0,0,0,0,0,0,0,0,0,0,0,0,0,0,0,0,6,27,255,243,255,255,254,244,226,243,248,255,255,255,251,244,250,239,227,208,203,235,236,234,230,230,226,226,223,222,217,216,209,129,22,13,13,6,9,6,9,8,5,6,5,2,4,9,10,9,9,6,2,4,4,4,7,12,14,11,9,15,14,14,13,13,6,12,14,16,15,15,13,15,14,14,11,16,17
104,102,106,110,105,107,107,103,98,92,92,75,68,53,20,20,17,19,14,0,16,12,167,37,35,34,36,36,36,64,80,76,40,6,0,0,0,0,0,0,0,0,0,0,0,0,0,0,1,6,33,255,249,254,245,240,246,191,243,237,255,255,248,239,245,255,252,254,252,240,241,246,232,230,229,229,227,225,223,221,222,214,209,196,32,15,11,9,10,6,7,7,2,2,6,8,9,4,8,5,1,8,5,11,7,6,7,10,11,13,10,12,13,14,12,8,12,14,15,18,14,15,15,16,11,11,16,16
107,102,107,106,105,108,106,100,95,93,88,77,65,51,20,19,17,21,12,0,16,13,172,37,35,34,36,35,35,84,83,75,73,48,12,2,0,0,0,0,0,0,0,0,0,0,0,0,0,6,31,255,243,237,232,253,248,242,237,251,251,255,252,250,253,255,255,249,248,236,239,251,251,253,248,242,244,234,226,220,220,212,215,213,207,135,18,12,12,5,9,8,1,6,2,4,10,2,7,5,5,4,7,7,11,6,8,11,9,11,10,11,12,13,9,11,12,14,16,18,16,13,10,16,13,16,15,18
104,105,103,107,102,103,105,97,97,93,84,70,62,51,21,20,16,22,12,0,16,13,161,36,34,34,37,39,40,85,74,35,75,53,45,45,12,1,0,0,0,0,0,0,0,0,0,0,0,5,37,255,244,252,254,255,246,193,247,250,254,255,255,255,255,255,251,251,248,248,253,254,250,242,234,224,237,227,248,243,243,240,240,231,216,199,202,38,22,14,9,13,7,8,3,8,2,3,7,4,8,7,8,7,9,8,7,9,8,9,8,9,9,10,8,8,12,14,15,17,14,13,9,16,13,15,13,16
98,105,103,106,103,102,102,103,95,90,82,66,57,47,19,16,19,20,10,0,15,14,148,35,39,34,39,33,42,79,21,12,57,57,41,39,37,30,7,0,0,0,0,0,0,0,0,0,0,4,27,255,254,255,254,255,244,242,245,248,255,255,254,245,242,255,247,253,252,253,252,250,233,231,228,241,248,244,247,244,233,229,239,242,239,235,235,228,173,16,12,5,5,5,6,5,5,9,7,9,8,7,10,9,6,9,11,10,9,5,7,8,8,9,8,8,9,15,14,12,13,15,13,14,16,12,16,11
108,103,107,103,106,98,96,96,95,94,82,63,57,44,18,17,16,23,10,0,16,16,116,38,35,34,33,39,47,83,84,12,18,68,36,43,41,42,44,17,5,0,0,0,0,0,0,0,0,8,47,255,252,246,244,241,249,248,245,249,251,255,250,247,247,255,253,254,252,242,231,238,231,241,249,253,248,245,237,233,237,237,240,244,240,239,235,229,222,214,32,19,13,9,14,7,9,13,13,12,10,12,7,14,12,3,7,11,9,6,6,7,8,5,7,9,12,14,12,16,12,14,12,12,15,18,13,15
109,106,108,101,99,101,98,100,94,90,85,67,53,41,17,16,16,20,6,0,15,20,56,33,34,34,32,32,45,74,121,7,18,67,39,41,43,43,41,42,40,7,0,0,0,0,0,0,0,6,36,255,255,246,246,255,246,249,242,249,247,255,254,253,255,255,255,244,248,240,242,249,251,252,249,241,243,235,236,242,246,242,243,245,243,239,238,233,225,222,219,120,16,14,13,4,8,10,10,10,11,17,17,4,11,21,18,21,14,7,7,5,4,3,6,8,12,14,13,15,14,14,16,17,13,10,13,14
103,103,105,98,104,107,102,98,93,87,76,60,52,36,17,15,17,22,9,0,16,19,135,56,44,32,35,37,41,40,24,6,14,71,33,39,42,45,43,43,49,52,14,2,0,2,0,0,0,4,44,255,254,255,255,255,247,249,242,252,255,255,255,251,249,255,248,246,251,251,254,255,253,247,232,234,244,234,247,249,245,239,237,245,242,242,237,231,226,225,222,213,208,98,12,19,23,18,19,26,13,11,96,181,182,178,170,153,121,16,9,7,3,7,8,10,10,12,13,12,12,12,14,12,15,15,11,14
103,103,103,100,99,101,104,96,96,84,78,63,48,35,16,17,19,24,10,0,15,20,135,78,38,34,36,35,33,36,54,9,13,59,39,39,37,43,42,39,46,45,46,24,3,19,3,0,0,6,32,255,255,252,255,255,247,250,243,252,254,255,252,247,241,255,250,253,255,254,247,248,228,235,224,242,247,245,246,248,238,233,238,246,244,242,237,234,228,223,224,220,217,213,204,197,172,146,149,179,195,191,193,184,183,182,177,174,159,83,11,10,8,9,9,10,10,14,12,11,13,16,15,14,14,14,13,13
101,103,106,100,100,99,100,95,95,85,75,61,45,27,17,16,16,23,7,0,16,22,127,81,40,18,20,26,30,28,35,17,16,39,38,38,39,41,42,43,43,47,45,48,77,79,22,0,0,7,29,255,254,238,241,254,238,248,245,249,246,255,251,254,249,255,255,253,253,247,232,238,235,245,251,254,246,249,229,243,239,234,244,246,244,244,238,235,230,229,224,222,211,218,211,208,206,204,201,199,195,193,192,190,181,181,177,172,168,145,42,12,10,12,10,10,13,12,12,13,11,15,13,12,11,12,12,13
102,100,104,101,105,101,99,94,92,82,74,57,49,30,17,15,19,25,6,0,14,25,133,87,37,6,9,17,16,23,28,40,33,29,40,36,39,36,43,43,45,47,47,47,80,75,106,3,2,7,36,255,255,255,255,255,245,249,249,251,252,255,255,255,255,255,249,248,244,245,248,252,255,255,248,242,243,239,219,246,244,245,248,247,245,244,241,238,232,227,228,221,215,214,213,210,211,203,202,199,195,195,193,190,186,182,177,173,172,157,158,18,11,11,10,12,12,10,12,10,8,13,12,13,13,12,12,13
101,103,98,105,101,103,99,97,90,82,72,58,50,27,17,14,20,21,8,0,15,21,113,86,34,2,0,0,5,13,17,21,26,41,43,34,34,39,40,42,44,46,46,46,77,49,86,13,5,7,24,255,255,255,253,253,241,249,247,250,255,255,255,254,242,255,244,250,252,254,255,255,248,244,229,230,246,234,250,249,252,244,248,248,246,243,241,237,237,230,223,223,220,215,215,213,207,206,201,202,197,195,196,193,191,187,185,176,173,163,161,146,10,11,12,10,10,9,13,13,12,11,12,12,13,12,12,13
104,100,102,105,104,101,93,101,95,86,68,55,47,21,15,16,20,20,7,0,15,29,123,92,31,1,0,0,0,0,1,10,17,21,27,37,37,33,37,42,46,48,48,48,79,29,74,46,15,11,38,255,254,236,251,254,242,251,244,249,244,254,250,251,245,255,255,255,255,253,240,245,222,240,236,248,251,249,249,250,241,230,248,249,246,243,240,239,235,233,227,226,218,220,216,217,209,205,204,202,200,199,197,192,190,188,185,183,175,164,161,132,58,9,8,10,10,9,11,13,12,10,11,9,12,12,13,12
106,103,104,103,104,97,97,96,88,80,67,55,45,24,15,15,22,22,4,0,14,31,111,87,32,0,0,0,0,0,0,0,1,6,14,18,29,35,40,35,43,46,46,45,72,25,52,65,51,32,45,255,254,255,255,255,244,250,241,254,249,254,255,255,255,255,253,254,247,242,237,244,244,253,254,253,254,250,227,241,224,238,251,247,247,245,242,240,236,230,230,229,223,215,216,213,207,202,204,202,202,200,199,198,192,193,185,178,178,166,160,159,132,19,10,7,9,9,11,11,9,10,8,9,10,13,11,11
99,100,103,106,99,97,92,94,85,82,63,52,47,21,15,14,21,21,6,0,14,35,110,86,27,0,0,0,0,0,0,1,0,0,0,6,13,19,28,41,36,42,49,46,52,23,33,97,50,50,47,255,253,255,249,255,236,249,247,251,255,255,253,254,247,255,246,252,245,251,253,255,255,253,240,242,255,235,222,246,246,247,250,249,246,246,245,240,238,233,230,228,222,222,208,212,209,206,204,200,202,196,197,195,194,192,188,176,185,169,172,165,156,146,8,10,9,8,9,9,8,9,7,9,9,9,11,9
105,106,99,96,97,98,95,91,86,76,63,55,39,19,15,15,21,21,5,0,16,30,111,81,28,0,0,0,3,1,1,1,0,0,0,0,0,4,13,20,32,38,37,38,41,22,29,82,49,49,44,249,251,252,255,255,161,252,246,252,244,252,254,251,245,255,250,255,255,255,252,253,238,242,242,240,255,243,252,254,252,247,252,248,249,244,244,238,236,234,233,224,223,225,219,213,212,207,206,203,198,200,197,194,192,190,177,185,180,179,169,166,167,133,104,5,8,9,8,9,8,8,5,7,9,7,10,8
105,101,101,102,95,97,96,92,85,77,63,53,41,18,15,14,22,19,6,0,14,21,113,97,31,0,0,0,10,7,3,0,0,1,0,0,5,0,0,7,15,21,31,35,32,28,25,55,50,51,66,255,255,254,250,255,240,252,246,250,246,251,255,255,255,255,255,255,252,243,237,242,237,251,253,255,255,254,249,247,240,232,248,250,249,247,246,240,240,233,231,228,219,219,212,212,208,208,206,206,202,200,196,195,197,190,186,184,180,179,167,169,164,159,129,28,11,9,9,9,5,6,6,7,8,9,10,8
100,100,99,103,98,93,97,93,83,79,64,52,38,17,15,14,21,22,4,0,15,30,106,82,30,0,0,0,10,11,10,2,0,5,2,1,6,0,0,0,3,8,16,23,29,34,29,51,45,52,55,255,255,255,255,255,249,252,248,253,255,255,255,255,253,255,246,250,235,249,253,255,255,255,254,253,255,244,228,228,231,239,250,247,247,248,244,239,238,233,232,229,221,219,215,213,210,206,206,203,203,199,197,193,197,190,187,185,182,179,175,171,167,157,142,116,15,10,8,7,6,4,4,8,7,9,6,8