1,-122,24.397
0,0,53.498
-2,2,44.825
-1,-3,26.531
-5,-122,38.642
7,2,92.048
9,-5,80.74
-7,-1,17.965
118,-128,33.597
-127,42,188.86
0,-1,-1
0,1,87.465
0,-1,-1
-32,-58,3.1664
2,-1,-1
0,-1,-1
-108,-14,109.16
0,-1,-1
18,-122,37.742
0,-1,-1
4,-1,-1
-29,-23,87.212
10,-7,77.987
0,-1,-1
114,0,105.68
0,-1,-1
118,86,32.765
4,-1,-1
0,-1,-1
16,0,51.546
-13,-40,198.96
70,-111,182.18
0,-1,-1
-8,23,39.055
0,-1,-1
4,-1,-1
-117,-76,16.735
0,-1,-1
4,-1,-1
-52,-3,38.378
0,-1,-1
4,-1,-1
-21,-2,106.51
-6,123,152.85
-12,-8,39.032
-16,-10,75.562
0,-1,-1
3,46,32.144
0,-1,-1
4,-1,-1
-18,0,65.494
-14,1,97.528
0,-1,-1
-17,-34,101.36
4,-1,-1
0,-1,-1
6,-42,29.042
-34,-55,71.126
4,-1,-1
0,-1,-1
0,-1,-1
-8,-4,79.002
-3,-5,43.535
4,-1,-1
0,-1,-1
4,-1,-1
-37,-49,94.58
4,-1,-1
0,-1,-1
-142,-3,77.134
-4,-3,119.41
-14,-15,54.048
-8,109,85.574
0,-1,-1
1,150,74.431
0,-1,-1
4,-1,-1
3,24,16.777
0,-1,-1
-116,-29,93.976
4,-1,-1
-1,92,185.69
0,-1,-1
4,-1,-1
48,-79,15.935
3,-1,-1
4,-1,-1
156,-8,46.767
97,-20,182.3
-3,-33,166.04
0,-1,-1
4,-1,-1
4,-1,-1
4,-1,-1
26,-20,71.671
15,-127,114.09
4,-139,23.609
-122,-7,45.08
0,-1,-1
8,-22,181.03
0,-1,-1
-14,102,55.505
0,-1,-1
4,-1,-1
9,4,64.253
-40,-1,117.55
38,9,188.74
0,-1,-1
3,-1,-1
-13,-10,176.99
4,-1,-1
0,-1,-1
58,42,1.805
-5,-9,85.654
0,-1,-1
-22,-97,187
3,-1,-1
1,-1,-1
14,15,24.644
-117,-4,158.49
0,-1,-1
3,-1,-1
117,20,103.3
4,-1,-1
3,-1,-1
-5,-17,147.17
-12,-11,112.69
-2,-6,108.45
0,-1,-1
82,28,44.487
25,-88,47.131
3,-1,-1
4,-1,-1
0,-1,-1
-30,-117,141.09
4,-1,-1
3,-1,-1
-148,-14,38.76
3,-1,-1
-27,129,137.43
4,-1,-1
-5,30,148.5
1,-1,-1
2,-1,-1
-13,-32,68.243
-2,-23,64.882
0,100,140.2
0,-1,-1
4,-1,-1
73,89,140.85
4,-1,-1
0,-1,-1
83,-39,130.31
4,-1,-1
0,-1,-1
-107,16,73.776
124,9,102.74
9,12,79.894
100,-128,44.217
-6,0,79.96
97,4,92.953
-29,0,123.63
18,-30,166.9
0,-1,-1
-143,124,74.653
0,-1,-1
28,-175,115.38
0,-1,-1
4,-1,-1
17,39,9.0635
0,-1,-1
4,-1,-1
79,18,131.93
-27,-120,4.2985
-25,-62,64.148
4,-1,-1
0,-1,-1
0,-1,-1
4,-1,-1
9,-2,182.6
19,-4,52.424
-23,-9,130.86
0,-1,-1
-26,-22,22.645
54,-22,5.4284
4,-1,-1
0,-1,-1
0,-1,-1
1,86,147.29
22,84,143.76
0,-1,-1
4,-1,-1
-29,-31,162.81
4,-1,-1
0,-1,-1
4,-1,-1
-109,-31,37.86
134,127,102.71
85,-41,15.539
-37,18,107.31
-28,107,163.95
17,-11,116.99
-2,11,95.799
0,-1,-1
-24,-103,107.03
4,-1,-1
0,-1,-1
4,-1,-1
-18,141,6.7196
4,-1,-1
2,-116,45.063
0,-1,-1
4,-1,-1
-16,-20,112.12
0,-1,-1
4,-1,-1
-122,84,16.481
0,-1,-1
-37,126,113.1
0,-1,-1
-55,-42,39.911
4,-1,-1
0,-1,-1
4,-1,-1
103,72,183.61
4,-1,-1
0,-1,-1
102,7,21.471
-11,4,155.83
134,-8,98.424
0,-1,-1
-118,39,118.09
123,2,155.33
115,2,155.98
0,-1,-1
4,-1,-1
4,-1,-1
4,-1,-1
4,-1,-1
1,-100,76.284
12,-140,55.783
-39,-10,198.67
0,-1,-1
4,-1,-1
1,-1,-1
4,-1,-1
-4,5,54.443
-29,126,154.01
-99,-125,118.84
-45,-14,184.98
-70,30,24.307
0,-1,-1
4,-1,-1
2,-1,-1
4,-1,-1
1,-1,-1
12,4,43.869
1,65,9.6232
-7,12,129.67
-23,-42,68.947
75,-76,2.0679
-42,7,85.183
1,-1,-1
0,-1,-1
4,-1,-1
0,-1,-1
0,-1,-1
0,-1,-1
-20,-23,65.873
6,-10,17.372
5,-114,113.22
3,-1,-1
0,-1,-1
48,81,18.745
4,-1,-1
0,-1,-1
40,16,1.6335
1,-1,-1
-54,-10,182.11
2,-1,-1
95,-13,114.64
4,-1,-1
3,-1,-1
-10,-4,57.241
-20,6,25.907
-4,5,18.204
-145,-9,101.59
0,-1,-1
-12,5,78.097
0,-1,-1
4,-1,-1
0,-10,44.877
-2,-3,103.6
0,-1,-1
-87,91,141.17
4,-1,-1
0,-1,-1
41,-63,29.786
4,-1,-1
3,-1,-1
-29,117,159.47
38,-6,186.32
1,-1,-1
0,-1,-1
-100,20,37.079
2,-1,-1
4,-1,-1
-22,-102,178.14
96,-10,58.13
-85,-112,0.4129
1,-1,-1
23,-19,61.834
4,-1,-1
-79,36,34.858
-2,-40,116.09
28,-14,52.378
0,-1,-1
4,-1,-1
-4,105,149.74
3,-1,-1
0,-1,-1
0,-1,-1
-27,-25,72.553
-127,118,54.722
3,-1,-1
124,-26,5.0895
1,-1,-1
4,-1,-1
-56,-15,24.708
157,-21,164.65
2,-1,-1
4,-1,-1
0,-1,-1
3,-1,-1
32,11,28.674
6,-5,56.902
14,128,21.745
-22,148,21.219
-12,-12,44.237
48,32,42.931
52,136,97.39
0,-1,-1
48,28,90.621
4,-1,-1
0,-1,-1
-128,-3,73.029
0,-1,-1
3,-1,-1
106,77,20.274
-17,18,8.3726
-13,82,172.14
0,18,14.481
-1,-30,66.355
0,-1,-1
-3,-10,75.088
-45,120,20.888
0,-1,-1
4,-1,-1
0,-1,-1
91,-37,150.55
4,-1,-1
0,-1,-1
-60,99,72.116
4,-1,-1
0,-1,-1
3,-8,194.22
0,-1,-1
-20,90,119.38
4,-1,-1
0,-1,-1
0,-1,-1
-121,-17,180.16
0,-1,-1
-42,5,179.97
0,-1,-1
1,-1,-1
35,-23,65.116
98,-18,95.601
-132,-52,21.305
-117,-30,136.29
40,-3,32.265
-30,-35,175.5
0,-1,-1
-24,-15,42.55
0,-1,-1
-15,20,38.173
4,-1,-1
3,-1,-1
-9,-12,183.32
3,-1,-1
4,-1,-1
109,111,8.5052
0,-1,-1
104,-21,177.32
4,-1,-1
1,-1,-1
0,-1,-1
1,13,59.782
134,2,160.03
33,-64,11.483
0,-1,-1
-20,-37,48.945
4,-1,-1
0,-1,-1
2,-1,-1
20,-4,49.015
-49,6,58.113
4,-1,-1
1,-1,-1
-17,11,57.794
2,-1,-1
3,-1,-1
-19,-11,60.469
41,-8,49.566
-9,2,172.64
0,-1,-1
3,-1,-1
-85,121,34.921
4,-1,-1
17,-28,35.426
3,-1,-1
1,-1,-1
1,-1,-1
116,-50,20.961
89,-24,25.053
0,131,179.35
-99,26,17.586
-33,17,78.825
14,5,69.832
-147,16,123.35
-137,-24,64.052
102,-15,171.16
0,-1,-1
4,-1,-1
132,-29,58.079
79,-55,56.066
0,-1,-1
4,-1,-1
4,-1,-1
-104,15,127.82
4,-1,-1
1,-1,-1
-76,-31,0.37017
1,-1,-1
-21,-25,83.14
-41,-2,12.771
-26,15,186.36
4,-1,-1
2,-1,-1
3,-1,-1
-117,-119,117.88
19,98,46.88
2,-1,-1
4,-1,-1
1,-1,-1
23,25,159.91
-119,-22,152.43
1,-1,-1
4,-1,-1
-156,18,137.57
3,-1,-1
1,-1,-1
-18,125,43.158
18,-87,143.39
2,13,143.82
87,28,12.009
3,-1,-1
4,-1,-1
144,-44,6.4566
4,-1,-1
0,-1,-1
2,-1,-1
21,58,25.717
10,4,139.65
2,-1,-1
4,-1,-1
-17,-11,3.9186
0,-1,-1
4,-1,-1
12,-35,72.833
23,-27,10.418
3,-1,-1
56,-27,3.838
1,-1,-1
4,-1,-1
1,-1,-1
-120,15,52.48
11,3,102.84
16,2,142.17
47,-78,73.262
-48,103,6.2715
-28,-8,89.515
0,-1,-1
29,-103,14.929
4,-1,-1
0,-1,-1
0,-1,-1
1,-1,-1
4,-1,-1
-22,155,99.632
105,-19,53.471
3,-1,-1
4,-1,-1
2,-1,-1
-46,-122,15.512
14,109,8.2113
4,-1,-1
109,4,42.904
0,-1,-1
2,-1,-1
1,-1,-1
-119,1,153.12
21,-111,79.32
7,4,76.534
34,-22,159.45
0,-1,-1
-29,107,57.801
4,-1,-1
0,-1,-1
133,120,44.349
0,-1,-1
4,-1,-1
-76,-71,29.376
1,-1,-1
2,-1,-1
-114,123,181.59
-2,21,17.296
-127,-1,45.821
4,-1,-1
0,-1,-1
15,-31,179.07
2,-1,-1
3,-1,-1
1,-1,-1
48,-29,56.774
-124,-2,9.4792
10,-139,46.861
1,-18,45.508
0,-1,-1
4,-1,-1
118,2,38.043
4,-1,-1
0,-1,-1
-10,114,8.7048
-6,41,35.607
44,-16,22.463
16,34,18.847
38,-5,76.086
-3,86,47.115
-20,-115,98.182
4,-1,-1
3,-1,-1
0,-1,-1
-66,-83,14.294
3,-1,-1
159,-32,163.9
4,-1,-1
13,-31,86.038
0,-1,-1
1,-1,-1
42,-7,129.91
55,148,34.098
-21,119,19.004
41,55,45.666
-18,-29,28.877
3,-1,-1
4,-1,-1
119,-37,7.1147
4,-1,-1
0,-1,-1
4,-1,-1
-124,28,20.009
4,-1,-1
2,-1,-1
-9,-11,160.61
0,-1,-1
1,-1,-1
56,-24,26.557
-81,-29,13.648
3,-1,-1
1,-1,-1
1,-1,-1
-132,45,18.635
1,-1,-1
0,-1,-1
27,-7,37.972
-24,78,59.209
-13,26,46.789
38,-21,67.067
-6,109,56.414
-50,17,155.14
7,-22,108.01
4,-1,-1
16,60,94.753
2,-1,-1
4,-1,-1
0,-1,-1
-82,131,58.731
24,-10,136.13
4,-1,-1
3,-1,-1
50,45,98.78
3,-1,-1
4,-1,-1
36,-31,101
3,-1,-1
27,-110,149.83
1,-1,-1
0,-1,-1
-10,6,62.878
3,-1,-1
0,-1,-1
0,-1,-1
42,41,12.13
0,-44,30.344
-21,6,176.91
0,2,29.928
4,-1,-1
-4,103,43.673
-110,110,99.003
3,-1,-1
1,-1,-1
-106,51,7.2428
2,-1,-1
4,-1,-1
-5,-16,163.58
45,30,64.317
3,-1,-1
2,-1,-1
1,-1,-1
12,84,45.741
3,-1,-1
2,-1,-1
-3,113,40.732
60,25,2.7502
40,-13,75.701
1,-1,-1
0,-1,-1
47,0,19.226
4,-1,-1
3,-1,-1
-60,-23,1.2866
2,-1,-1
-136,-110,30.409
-10,-46,73.058
4,-1,-1
3,-1,-1
3,-1,-1
66,62,48.423
1,-1,-1
0,-1,-1
7,2,72.28
18,11,34.442
-21,-57,27.654
148,-2,27.862
-1,1,182.88
-113,7,123.53
-123,-16,111.97
-22,28,106.02
67,-4,111.89
-39,73,23.823
-35,114,0.47966
0,81,36.872
106,-25,43.94
-31,128,108.94
4,-1,-1
0,-1,-1
4,-1,-1
-127,36,141.56
0,-1,-1
3,-1,-1
-117,127,62.242
81,17,36.091
-25,-1,12.139
0,-1,-1
0,-1,-1
-45,29,80.453
0,-1,-1
4,-1,-1
-30,82,71.228
26,-32,7.7665
4,-1,-1
0,-1,-1
0,-1,-1
-112,-31,175.51
0,-1,-1
-28,-140,28.556
0,-1,-1
4,-1,-1
3,-10,35.389
-12,82,92.168
0,-1,-1
4,-1,-1
-29,-29,17.596
199,-10,196.88
0,-1,-1
3,-1,-1
8,-44,67.464
1,-1,-1
4,-1,-1
-64,8,123.85
11,1,92.303
125,-64,179.95
0,-1,-1
38,91,26.577
2,-1,-1
0,-1,-1
3,-1,-1
-19,137,133.42
0,-1,-1
3,-1,-1
-16,5,120.8
-133,-124,102.81
-36,-2,31.264
76,-129,190.36
6,51,119.99
0,-1,-1
1,-1,-1
1,-1,-1
-16,56,4.9306
-21,-115,117.38
4,-1,-1
3,-1,-1
-16,95,8.3349
3,-1,-1
0,-1,-1
-23,-48,31.958
90,87,82.603
-10,116,33.687
0,-1,-1
4,-1,-1
-47,-26,188.09
3,-1,-1
0,-1,-1
1,-1,-1
-1,4,190.9
0,-25,134.39
9,49,18.781
0,-1,-1
3,-1,-1
-12,8,98.22
3,-1,-1
2,-1,-1
5,-111,18.858
1,-1,-1
3,-1,-1
0,-23,10.196
-14,-2,47.479
0,-1,-1
4,-1,-1
1,-1,-1
99,11,14.427
-6,129,8.9765
-84,9,52.114
-87,-112,164.71
4,-1,-1
173,-21,95.087
0,-1,-1
1,-1,-1
3,-1,-1
-6,105,100.15
77,83,38.372
-130,-1,171.29
5,123,113.94
100,4,5.6232
1,-1,-1
-13,8,47.704
0,-1,-1
1,-1,-1
1,-1,-1
1,1,57.216
0,-1,-1
-43,22,11.717
-125,2,46.978
-46,-21,178.16
0,-1,-1
0,-1,-1
1,-1,-1
1,-1,-1
-12,-111,43.083
0,-1,-1
2,-1,-1
-146,-16,78.154
-8,3,155.82
98,-33,117.97
4,-1,-1
1,-1,-1
0,-1,-1
83,-35,17.875
2,-1,-1
67,102,155.74
0,-1,-1
2,-1,-1
-71,-113,188.94
-127,2,24.177
94,-20,18.11
48,3,46.817
-156,-56,18.796
0,-1,-1
1,-1,-1
-8,14,114.63
3,-1,-1
0,-1,-1
0,-1,-1
87,-7,65.59
70,12,62.735
-11,29,61.561
-59,-98,15.046
-28,8,27.959
77,-15,58.306
0,-1,-1
1,-1,-1
0,-1,-1
49,-31,5.0402
0,-1,-1
4,-1,-1
123,-118,165.77
-96,-3,0.043093
0,-1,-1
4,-1,-1
0,-1,-1
-10,-97,16.404
0,-1,-1
1,-1,-1
84,-3,102.95
6,-7,138.78
-39,-122,148.42
0,-1,-1
112,5,51.58
116,14,129.35
1,-1,-1
0,-1,-1
0,-1,-1
-11,-13,132.83
1,-1,-1
3,-1,-1
74,-11,116.51
-19,53,17.993
-7,1,190.28
0,-1,-1
-46,10,160.32
1,-1,-1
0,-1,-1
23,-4,3.43
-48,-11,0.99749
0,-1,-1
1,-1,-1
0,-1,-1
116,-17,160.36
-37,8,113.49
104,-59,61.958
1,-1,-1
0,-1,-1
-47,-107,187.3
0,-1,-1
1,-1,-1
103,-17,138.91
126,-7,160.55
0,-1,-1
1,-1,-1
4,-1,-1
129,2,45.626
39,-19,0.34395
1,-1,-1
0,-1,-1
-16,-104,45.735
0,-1,-1
-23,9,125.97
1,-1,-1
0,-1,-1
14,5,172.19
-3,-50,54.437
-132,-127,34.995
-11,-2,42.411
11,-8,109.88
-34,24,10.635
0,-1,-1
121,-18,158.64
0,-1,-1
4,-1,-1
12,11,142.43
38,106,196.64
15,88,131.89
0,-1,-1
4,-1,-1
-1,44,8.6528
4,-1,-1
1,-1,-1
-2,-9,45.405
-93,-12,182.95
0,-1,-1
4,-1,-1
4,-1,-1
67,-46,9.1833
-18,100,150.52
4,-1,-1
0,-1,-1
-32,-1,116.84
0,-1,-1
2,-1,-1
-42,98,28.901
-31,-140,198.26
33,5,13.929
111,15,93.089
-9,41,90.737
-55,-52,22.361
17,113,111.09
4,-1,-1
4,-1,-1
0,-1,-1
-5,33,77.67
3,-1,-1
0,-1,-1
1,-1,-1
-2,-16,30.866
24,-27,156.66
32,131,86.009
3,-1,-1
4,-1,-1
1,-1,-1
123,-29,30.819
9,24,173.22
4,-1,-1
1,-1,-1
-14,-48,2.1476
-20,-5,97.529
4,-1,-1
1,-1,-1
2,-1,-1
-23,91,12.129
1,-1,-1
11,40,13.32
0,-1,-1
4,-1,-1
-5,-3,34.127
86,-7,157.51
4,-1,-1
-24,137,72.237
2,-1,-1
0,-1,-1
63,-16,150.99
0,-1,-1
3,-1,-1
-16,-129,133.95
26,31,2.7955
-24,-11,96.972
0,-1,-1
4,-1,-1
0,-1,-1
-33,111,105.56
-98,15,73.665
4,-1,-1
2,-1,-1
0,-1,-1
4,-33,16.09
-81,-7,106.66
16,119,99.541
-17,115,192.03
0,-1,-1
2,-1,-1
6,31,154.48
4,-1,-1
1,-1,-1
-82,8,112.91
3,-1,-1
0,-1,-1
37,-33,12.008
32,-12,171.15
2,-1,-1
4,-1,-1
1,-1,-1
-61,11,79.365
119,-22,1.5815
-1,0,161.27
-7,-67,185.32
0,-1,-1
1,-1,-1
-18,-67,189.29
4,-1,-1
0,-1,-1
-58,111,49.382
-115,54,53.117
14,4,169.15
-38,38,181.8
0,-1,-1
35,-8,16.128
0,-1,-1
4,-1,-1
2,-1,-1
47,8,18.511
42,-36,0.047541
15,-56,181.18
-120,-53,34.381
1,-1,-1
0,-1,-1
2,-1,-1
0,-1,-1
1,-1,-1
-37,39,12.175
0,-1,-1
-54,-41,130.25
1,-1,-1
0,-1,-1
58,-114,172.68
0,-1,-1
-7,20,171.37
1,-1,-1
79,119,136.99
1,-1,-1
0,-1,-1
-8,-53,43.385
39,148,1.7389
-24,-24,65.781
-12,85,32.113
-16,-34,68.737
91,-14,36.223
109,-35,73.914
-118,39,46.043
1,-1,-1
-149,-1,28.936
0,-1,-1
1,-1,-1
3,-1,-1
3,-1,-1
-20,-1,77.749
4,-1,-1
3,-1,-1
14,16,69.048
0,-1,-1
4,-1,-1
21,9,63.313
-43,24,2.647
1,-1,-1
0,-1,-1
44,-17,1.9145
1,-1,-1
-20,12,26.939
4,-1,-1
13,44,89.467
2,-1,-1
4,-1,-1
6,1,8.7676
11,-36,75.954
21,-127,35.452
20,26,148.09
0,-1,-1
31,-40,8.0558
4,-1,-1
0,-1,-1
-12,-10,24.968
-4,125,162.09
3,31,6.1664
0,-1,-1
13,-141,52.143
0,-1,-1
96,-78,9.9365
34,3,130.56
-107,-114,159.42
0,-1,-1
4,-1,-1
4,-1,-1
0,-1,-1
113,105,173.4
34,-20,189.23
4,-1,-1
4,-12,39.64
4,-1,-1
2,-1,-1
0,-1,-1
-31,-113,35.729
-5,18,134.37
4,-1,-1
2,-1,-1
3,-1,-1
42,3,87.706
0,-4,132.2
-81,118,162.55
-74,4,1.6874
0,-1,-1
4,-1,-1
2,-1,-1
0,-1,-1
-4,-15,70.267
0,-1,-1
40,8,29.242
48,-13,117.64
2,-1,-1
0,-1,-1
2,-1,-1
-128,-141,28.66
-81,109,67.505
47,-2,47.87
-15,16,165.12
84,15,191.02
-10,33,13.749
-79,-137,6.0487
30,-86,108.21
-10,-33,113.96
0,-1,-1
2,-1,-1
4,-1,-1
147,3,61.479
-104,-21,6.4141
3,-1,-1
4,-1,-1
-14,24,198.76
4,-1,-1
1,-1,-1
-9,-105,52.79
0,-1,-1
-8,153,151.27
4,-1,-1
1,-1,-1
25,2,126.24
3,-1,-1
1,-1,-1
-69,60,2.0327
-3,38,13.079
4,-1,-1
2,-1,-1
-7,-1,154.15
1,-1,-1
4,-1,-1
-5,-129,198.88
-138,5,33.879
44,-8,93.262
40,10,130.41
-39,51,6.5469
4,-1,-1
3,-1,-1
2,-1,-1
-13,110,43.136
0,-1,-1
4,-1,-1
3,-1,-1
-22,9,27.28
3,-1,-1
1,-1,-1
55,104,14.447
-78,103,48.056
3,-1,-1
1,-1,-1
50,-29,166.95
-173,8,1.2126
-68,-142,132.7
0,-1,-1
1,-1,-1
1,-1,-1
1,-1,-1
-5,-3,31.726
16,53,31.327
-139,-123,48.382
116,-9,52.875
40,40,23.321
-21,-14,31.391
17,13,182.86
0,-1,-1
17,-3,99.313
0,-1,-1
2,-1,-1
2,-1,-1
38,-12,117.07
25,-11,111.95
-119,-76,106.33
4,-1,-1
3,-1,-1
0,-1,-1
28,-20,168.44
0,-1,-1
2,-1,-1
32,-21,41.698
4,-1,-1
13,-1,12.422
0,-1,-1
2,-1,-1
134,-15,116.39
-6,-28,67.077
155,5,29.16
4,-1,-1
3,-1,-1
0,-1,-1
1,-1,-1
-41,80,1.431
0,-1,-1
3,-1,-1
-14,-50,25.893
-13,16,18.623
-96,-14,26.091
-103,-127,73.954
-134,-23,64.932
-46,-44,114.75
116,-34,79.101
4,-1,-1
0,-1,-1
1,-1,-1
-7,139,35.336
-102,-25,174.74
2,-1,-1
0,-1,-1
0,-1,-1
-1,-17,183.01
4,-1,-1
24,25,56.144
6,-39,18.243
2,-1,-1
1,-1,-1
13,42,52.171
4,-1,-1
0,-1,-1
-17,-5,58.744
8,88,156.11
-76,-15,9.6178
33,18,98.736
2,-1,-1
4,-1,-1
-13,85,14.754
4,-1,-1
3,-1,-1
2,-1,-1
8,-7,118.51
3,-1,-1
2,-1,-1
-24,-26,147.15
-142,14,92.336
99,5,18.412
27,-51,3.9457
-1,-16,33.683
4,-1,-1
2,-1,-1
1,-1,-1
-35,24,64.071
-87,18,1.6262
3,-1,-1
4,-1,-1
1,-1,-1
-103,14,152.88
-109,-5,42.17
30,144,193.03
1,-1,-1
2,-1,-1
1,-1,-1
60,-64,4.6829
2,-1,-1
3,-1,-1
-171,7,95.883
2,-1,-1
3,-1,-1
1,101,17.688
3,-1,-1
0,-1,-1
0,-1,-1
-2,1,95.128
-145,-1,35.631
-3,6,22.585
-12,-18,55.579
0,112,91.385
0,2,125.7
45,-28,26.496
-2,1,44.031
39,-32,118.94
-118,7,121.6
38,107,116.52
-30,117,187.17
0,-1,-1
161,38,20.022
0,-1,-1
3,-1,-1
-60,113,103.66
142,-22,150.27
0,-1,-1
0,-1,-1
0,-1,-1
-11,-20,27.876
89,-2,75.898
53,-10,182.07
0,-1,-1
1,-1,-1
4,-1,-1
3,-2,76.804
2,-1,-1
4,-1,-1
-40,-75,34.395
-138,-3,74.512
-75,50,14.273
0,-1,-1
132,127,62.733
1,-1,-1
0,-1,-1
65,5,8.858
-81,-28,110.72
0,-1,-1
1,-1,-1
1,-1,-1
3,-1,-1
-3,-2,133.4
33,-30,85.314
0,-1,-1
-5,-25,25.947
1,-1,-1
4,-1,-1
50,-25,21.06
-83,-10,14.935
20,-36,88.47
4,-1,-1
1,-1,-1
3,-1,-1
1,-1,-1
-101,-24,30.277
-4,128,20.192
-94,-11,192.07
0,-1,-1
-67,-48,7.9166
0,-1,-1
-83,24,116.73
3,-1,-1
0,-1,-1
4,3,25.715
0,-1,-1
40,14,112.12
31,93,52.208
4,-1,-1
0,-1,-1
1,-1,-1
-122,-127,189.65
-1,121,122.73
-83,-30,199.13
0,-1,-1
43,5,72.466
4,-1,-1
1,-1,-1
-78,14,59.461
1,-1,-1
6,78,8.5549
0,-1,-1
1,-1,-1
131,130,146.43
-66,-26,91.628
0,-1,-1
33,-4,68.342
-121,3,70.849
0,-1,-1
0,-1,-1
0,-1,-1
116,37,10.621
-2,1,49.693
0,1,103.17
0,-1,-1
1,-1,-1
1,-1,-1
-105,14,43.662
0,-1,-1
49,-20,108.08
0,-1,-1
1,-1,-1
11,-122,82.812
19,-11,55.071
45,-11,76.211
4,-1,-1
63,-20,39.763
3,-1,-1
0,-1,-1
121,18,25.199
-105,-24,80.245
38,-17,161.96
0,-1,-1
4,-1,-1
-71,13,181.12
2,-1,-1
0,-1,-1
1,-1,-1
42,26,128.39
71,24,143.33
39,-1,9.1186
0,-1,-1
-64,-130,107.05
18,7,127.37
175,45,62.602
1,-1,-1
0,-1,-1
-54,51,86.295
0,-1,-1
1,-1,-1
1,-1,-1
3,-1,-1
15,30,43.568
54,-72,16.071
0,-1,-1
-52,-107,4.6957
2,-1,-1
4,-1,-1
-11,-41,7.4906
1,-1,-1
-15,17,158.89
1,-1,-1
0,-1,-1
-126,2,151.52
8,-224,117.66
5,-34,54.29
-10,2,38.971
-16,-7,185.63
50,-61,1.0066
4,-1,-1
0,-1,-1
-22,-17,38.121
15,5,179.32
1,-1,-1
4,-1,-1
0,-1,-1
4,-1,-1
0,-1,-1
9,31,107.39
3,-1,-1
4,-1,-1
-1,1,157.74
-95,-2,84.691
-8,-7,31.596
62,-113,55.646
0,-1,-1
13,-2,107.6
4,-1,-1
0,-1,-1
4,-1,-1
57,116,153.85
-4,-3,23.588
0,-1,-1
64,-98,7.2796
27,-20,48.307
-118,90,27.189
4,-1,-1
2,-1,-1
70,27,21.532
0,-1,-1
2,-1,-1
2,-1,-1
1,-1,-1
36,-164,14.47
12,125,65.334
2,-1,-1
4,-1,-1
1,-1,-1
136,-134,75.257
3,127,114.94
7,87,111.19
43,0,7.2756
14,14,118.07
-32,-9,54.449
0,-1,-1
4,-1,-1
4,-1,-1
39,19,19.701
25,104,67.594
-5,-31,106.02
3,-1,-1
0,-1,-1
2,-1,-1
4,-1,-1
23,8,88.445
0,-1,-1
12,49,143.34
2,-1,-1
-46,-58,8.3714
0,-1,-1
2,-1,-1
-8,-19,66.32
144,34,47.83
0,-1,-1
-4,-16,69.782
-17,-135,40.446
0,-1,-1
3,-1,-1
0,-1,-1
-4,-1,106.27
-86,42,37.491
0,-1,-1
12,-89,34.578
-92,63,3.0591
2,-1,-1
0,-1,-1
-16,150,18.929
4,-1,-1
2,-1,-1
-4,86,147.29
4,-31,194.6
0,-1,-1
4,-1,-1
-7,37,7.8488
2,-1,-1
-117,32,3.7828
2,-1,-1
0,-1,-1
27,10,40.291
59,-31,4.3412
34,90,145.35
2,-1,-1
0,-1,-1
0,-1,-1
-6,-4,77.022
4,-1,-1
40,-5,61.945
10,111,186.88
0,-1,-1
13,-14,197.2
4,-1,-1
0,-1,-1
4,-1,-1
-137,74,20.918
-29,14,111.63
-16,31,170.79
-72,-107,1.0285
-62,-12,4.7372
-126,-35,62.626
0,-1,-1
-11,126,105.74
3,-1,-1
2,-1,-1
1,-1,-1
-39,162,2.8492
-117,3,112.19
41,24,141.87
3,-1,-1
1,-1,-1
-3,1,93.576
100,27,82.541
4,-1,-1
0,-1,-1
32,21,30.393
31,-22,99.717
4,-1,-1
1,-1,-1
2,-1,-1
-128,133,14.438
38,34,12.035
7,119,181.09
4,-1,-1
65,-77,8.497
2,-1,-1
116,98,133.03
0,-1,-1
4,-1,-1
4,-1,-1
-58,94,8.2263
-84,-120,7.8587
0,-1,-1
3,97,40.74
-117,7,94.143
2,-1,-1
4,-1,-1
-24,110,52.249
3,-1,-1
0,-1,-1
10,-19,183.45
-59,-7,43.879
4,-1,-1
0,-1,-1
-118,-16,51.702
3,-1,-1
1,-1,-1
-36,33,172.39
0,-1,-1
1,-1,-1
40,22,99.475
12,24,26.844
4,-1,-1
3,-1,-1
1,-1,-1
139,95,12.065
-106,-108,56.556
4,-1,-1
3,-1,-1
0,-1,-1
-4,-15,19.226
-70,-23,146.79
18,23,99.981
4,9,151.84
-5,70,4.6421
87,-160,47.046
-22,-20,38.959
3,-1,-1
4,-1,-1
-72,95,23.166
4,-1,-1
0,-1,-1
-93,64,6.3596
22,-6,59.08
0,-1,-1
-16,19,90.088
1,-1,-1
4,-1,-1
4,-1,-1
-48,47,1.6543
28,19,179.74
1,-1,-1
2,-1,-1
0,-1,-1
-49,12,177.25
4,-1,-1
3,-1,-1
1,-1,-1
-33,7,16.078
-48,10,32.814
0,15,106.23
3,3,99.05
-106,7,29.413
-125,-42,99.1
4,-1,-1
-109,94,196.72
0,-1,-1
4,-1,-1
-34,3,63.841
-35,-11,46.043
28,20,145.68
4,-1,-1
3,-1,-1
2,-1,-1
3,-1,-1
103,-32,165.65
13,2,123.4
23,26,2.2594
79,-12,98.81
82,-27,84.339
2,-1,-1
4,-1,-1
1,-1,-1
4,-1,-1
-4,8,63.582
1,-1,-1
2,-1,-1
-3,91,63.471
2,50,32.889
3,-1,-1
2,-1,-1
1,-1,-1
39,56,22.793
-104,-23,72.283
12,-37,8.7105
2,-1,-1
4,-1,-1
1,-1,-1
4,-1,-1
-33,105,29.53
1,-1,-1
4,-1,-1
13,-17,45.753
68,-4,66.928
-64,36,16.286
-143,-21,96.72
10,-12,82.576
37,-97,33.585
2,-1,-1
4,-1,-1
4,-1,-1
2,-1,-1
6,-122,47.235
4,-1,-1
1,-1,-1
3,-1,-1
-8,-11,169.19
4,-1,-1
1,-1,-1
-81,-21,20.592
42,18,3.5281
23,91,76.47
-34,20,25.891
45,4,2.5971
13,6,172.2
-7,1,67.198
-17,9,30.492
154,-94,20.458
0,-1,-1
-14,30,81.789
1,-1,-1
3,-1,-1
-26,-14,179.91
1,-1,-1
3,-1,-1
-22,-84,164.52
37,-124,7.085
1,-1,-1
-36,-27,64.228
1,-1,-1
2,-1,-1
3,-1,-1
84,-142,32.811
22,7,126.41
1,-1,-1
2,-1,-1
3,-1,-1
-136,-133,178.77
-40,-13,42.291
10,-97,94.423
-46,-22,153.96
84,133,4.9287
6,10,106.42
-147,-40,199.2
2,-1,-1
4,-1,-1
3,-1,-1
-4,-9,49.585
19,-80,135.47
4,-1,-1
1,-1,-1
27,43,13.409
0,-1,-1
2,-1,-1
-54,-45,63.975
3,-1,-1
0,-1,-1
18,61,5.7594
-29,-10,41.184
0,-1,-1
4,-1,-1
-94,15,6.0358
3,-1,-1
1,-1,-1
86,-24,19.155
-18,-42,23.743
8,81,54.706
3,-1,-1
1,-1,-1
1,-1,-1
-31,-14,104.16
2,-1,-1
3,-1,-1
3,87,10.525
-15,9,37.746
-1,27,27.727
4,-1,-1
21,48,185.39
3,-1,-1
4,-1,-1
6,138,140.94
2,-1,-1
22,69,15.301
3,-1,-1
4,-1,-1
18,-24,75.159
-29,-53,60.292
4,-1,-1
2,-1,-1
5,-152,174.43
2,-1,-1
32,4,117.65
4,-1,-1
2,-1,-1
-31,-11,85.099
13,-6,154.28
-41,-4,42.211
-37,10,128.58
0,-1,-1
-1,-34,7.2433
0,-1,-1
1,-1,-1
10,11,183.38
4,-1,-1
0,-1,-1
1,-1,-1
57,126,11.271
-21,24,195.59
1,-1,-1
4,-1,-1
0,-1,-1
2,76,132.78
9,8,179.37
-2,-27,35.012
-2,-76,14.202
1,-1,-1
0,-1,-1
1,-1,-1
-144,-37,134.02
1,-1,-1
-12,-27,159.77
4,-1,-1
2,-1,-1
14,14,14.8
95,-26,53.738
1,-1,-1
4,-1,-1
2,-1,-1
66,2,44.005
9,-136,22.72
57,-24,170.87
4,-2,34.903
-46,-44,74.109
13,14,93.864
74,19,20.879
0,-1,-1
89,30,18.858
3,-1,-1
0,-1,-1
16,-129,121.19
25,27,3.974
1,-1,-1
2,-54,83.111
0,-1,-1
3,-1,-1
1,-1,-1
4,-1,-1
-6,-15,169.25
-43,12,97.054
32,-109,137.73
87,-101,131.98
-9,64,64.66
-54,24,7.5319
4,-1,-1
4,-1,-1
-44,103,45.623
0,-1,-1
2,-1,-1
1,-1,-1
-13,5,44.868
-127,20,63.463
3,-1,-1
-1,38,37.138
4,-1,-1
3,-1,-1
-9,1,47.119
1,-1,-1
4,-1,-1
-26,-1,108.52
3,-1,-1
1,-1,-1
-95,16,13.64
-10,15,169.23
2,-1,-1
4,-1,-1
-2,105,38.893
3,-1,-1
15,-41,22.181
2,-1,-1
0,-1,-1
1,-1,-1
-9,32,20
-10,19,43.238
12,-154,27.032
-43,101,28.601
-16,-10,86.687
125,20,47.542
-32,1,176.99
-1,87,47.574
4,-1,-1
0,-1,-1
3,-1,-1
44,7,106.07
31,2,55.092
0,-1,-1
2,-1,-1
3,-1,-1
-27,8,175.94
4,-1,-1
2,-1,-1
5,-15,72.237
4,-1,-1
2,-1,-1
-60,104,48.488
-5,17,24.252
1,10,97.831
0,84,43.678
17,-33,111.2
4,-1,-1
2,-1,-1
40,0,19.619
2,-1,-1
2,-1,-1
-17,123,144.69
2,-1,-1
24,87,75.087
3,-1,-1
1,-1,-1
26,105,33.26
12,-17,164.52
26,94,91.706
2,-1,-1
1,-1,-1
1,-1,-1
3,-1,-1
3,-1,-1
-41,-28,72.473
-100,-11,71.642
1,98,83.525
-6,-18,133.08
-58,61,4.7216
27,27,104.87
3,-1,-1
0,-1,-1
-24,-46,185.27
4,-1,-1
0,-1,-1
2,-1,-1
-23,3,19.785
1,80,99.45
3,-1,-1
1,-1,-1
-38,-25,157.75
1,-1,-1
4,-1,-1
17,-85,189.73
1,-1,-1
2,-1,-1
2,-1,-1
-14,-114,122.75
0,-142,21.563
13,17,57.398
7,57,109.59
-16,25,47.408
1,-1,-1
10,29,37.553
0,-1,-1
3,-1,-1
0,-1,-1
-136,-139,178.9
-25,-113,150.15
3,-1,-1
1,-1,-1
4,-1,-1
-45,-35,89.156
-6,33,112.32
28,26,11.09
-129,-42,111.18
81,-60,1.9681
2,-1,-1
3,-1,-1
1,-1,-1
-17,106,188.61
4,-1,-1
3,-1,-1
-13,-6,150.47
0,-45,4.7252
2,-1,-1
1,-1,-1
4,-1,-1
-17,-5,20.158
0,-1,-1
4,-1,-1
12,2,85.193
2,-1,-1
6,-85,62.591
1,-1,-1
-45,-27,1.626
2,-1,-1
4,-1,-1
-59,-20,31.915
68,-102,111.02
8,-4,192.41
-89,109,81.93
3,-1,-1
-104,98,107.47
0,-1,-1
3,-1,-1
3,-1,-1
0,-1,-1
1,-1,-1
-78,-29,42.696
-73,-22,10.279
-10,7,12.661
-82,101,145.11
20,75,16.653
-137,2,75.446
3,-1,-1
-15,-8,14.486
0,-1,-1
3,-1,-1
-116,-13,92.516
0,-1,-1
1,-1,-1
65,38,2.5197
1,-1,-1
31,13,96.567
3,-1,-1
4,-1,-1
-17,-66,8.1225
125,-40,138.26
1,-1,-1
0,-1,-1
0,-1,-1
-72,-23,42.65
-20,117,19.409
-1,-14,139.03
24,-42,113.11
137,-40,99.548
1,-1,-1
3,-1,-1
3,-1,-1
4,-1,-1
3,-1,-1
-1,7,115.93
1,-1,-1
0,-1,-1
40,80,35.833
0,-119,160.57
-54,-108,36.939
-12,-26,151.45
1,-1,-1
50,3,102.6
1,-1,-1
4,-1,-1
4,-1,-1
0,-1,-1
4,-1,-1
2,0,59.067
9,-5,29.842
3,-2,95.697
4,-3,44.047
-6,121,27.342
127,-4,118
2,0,45.568
-12,-17,29.026
-8,2,79.999
0,-1,-1
128,0,190.94
-13,-20,36.381
0,-1,-1
-39,5,81.497
0,-1,-1
-20,-5,47.763
4,-1,-1
0,-1,-1
9,-60,6.4398
-43,-25,0.73542
4,-1,-1
20,-71,139.21
0,-1,-1
-4,37,177.82
2,-1,-1
0,-1,-1
-19,29,180.24
0,-2,42.364
-54,-26,14.253
0,-1,-1
-145,36,188.14
0,-1,-1
1,-1,-1
-3,-83,41.726
3,-1,-1
-15,-66,44.03
0,-1,-1
1,-1,-1
-55,27,4.015
13,15,120.3
0,-1,-1
1,-1,-1
1,-1,-1
-127,-19,117.69
87,4,80.394
0,-1,-1
11,-7,22.802
0,-1,-1
-149,-56,66.064
4,-1,-1
0,-1,-1
1,92,15.132
-34,-9,29.749
-108,118,52.914
0,-1,-1
-6,-37,107.36
1,-1,-1
4,-1,-1
4,-1,-1
0,-1,-1
8,16,145.07
4,107,87.026
1,-1,83.488
129,115,137.01
0,-1,-1
83,-129,87.189
0,-1,-1
4,-1,-1
33,-58,70.22
0,-1,-1
4,-1,-1
-13,82,41.5
22,-28,59.143
4,-1,-1
2,-1,-1
0,-1,-1
-127,-1,69.086
-21,-19,112.16
0,-1,-1
1,-1,-1
-134,39,186.61
1,-1,-1
4,-1,-1
-16,-91,18.634
-20,-133,41.049
-1,11,196.96
11,-45,83.519
4,-1,-1
0,-1,-1
-11,158,29.879
3,-1,-1
0,-1,-1
-57,-18,138.99
0,-1,-1
4,-1,-1
-22,40,179.84
-106,12,94.437
0,-1,-1
1,-1,-1
-18,160,75.004
-45,-127,17.93
0,-1,-1
4,-1,-1
1,-1,-1
18,-9,47.926
1,1,27.513
-99,-17,128.72
-25,-11,31.015
0,-1,-1
-35,93,34.615
-21,-103,23.942
-30,-53,20.19
-10,-19,43.561
0,-1,-1
111,-99,22.466
2,-6,4.8273
0,-1,-1
4,-1,-1
0,-1,-1
0,-1,-1
65,-29,21.611
0,-1,-1
88,-9,173.06
0,-1,-1
-48,-115,116.27
0,-1,-1
4,-1,-1
66,-118,137.83
0,-1,-1
-13,-29,32.512
4,-1,-1
0,-1,-1
14,94,35.535
4,-1,-1
1,-1,-1
30,-136,102.43
-33,-37,20.885
-16,56,14.454
18,-115,77.023
116,34,14.497
-19,79,76.614
-6,102,180.89
-25,28,26.987
0,-1,-1
0,-1,-1
-21,-14,83.614
0,-1,-1
4,-1,-1
0,-1,-1
96,49,33.433
12,-58,54.201
1,-10,112.52
0,-1,-1
0,-1,-1
2,-34,8.6732
0,-1,-1
1,-1,-1
78,-10,23.623
86,-23,31.385
0,-1,-1
3,-1,-1
0,-1,-1
-9,5,121.83
134,-60,3.1026
-140,6,109.51
4,-1,-1
0,-1,-1
37,9,157.48
1,0,174.83
0,-1,-1
0,-1,-1
37,18,129.98
0,-1,-1
3,-1,-1
28,30,157.74
-113,179,38.905
-5,-48,69.399
3,-1,-1
0,-1,-1
-30,-8,12.114
0,-1,-1
4,-1,-1
3,-1,-1
-114,11,65.921
79,-22,3.6405
106,29,52.198
0,-1,-1
-48,4,85.009
-32,-13,149.31
0,-1,-1
2,-1,-1
0,-1,-1
69,-67,20.618
-65,0,118.22
0,-1,-1
-8,-10,192.71
3,-1,-1
0,-1,-1
1,-1,-1
133,36,189.48
-17,48,52.353
0,-1,-1
-13,31,39.563
0,-1,-1
81,89,9.0856
1,-1,-1
0,-1,-1
1,-1,-1
56,6,119.61
67,-53,159.05
0,-1,-1
123,13,111.74
0,-1,-1
4,-1,-1
3,-1,-1
48,6,15.967
1,-1,-1
4,115,124
2,-1,-1
4,-1,-1
23,4,28.214
12,11,61.369
96,2,134.68
0,-1,-1
4,-1,-1
-116,-22,37.134
17,-6,88.778
-7,-35,125.41
0,-1,-1
3,-1,-1
1,-1,-1
4,-1,-1
-40,133,47.052
-90,13,2.4287
1,-12,52.942
-22,107,40.785
0,-1,-1
75,85,6.7131
2,-1,-1
4,-1,-1
1,-1,-1
15,-25,36.895
-25,-126,107.53
-1,105,135.4
19,18,171.31
49,13,80.475
0,-1,-1
4,-1,-1
4,-1,-1
14,-29,32.79
4,-1,-1
0,-1,-1
3,-1,-1
99,-11,30.958
-2,-41,181.39
4,-1,-1
2,-1,-1
7,9,139.34
4,-1,-1
3,-1,-1
-53,-3,104.05
1,-1,-1
4,-1,-1
24,0,48.886
-9,-47,64.396
17,8,85.649
-28,-46,47.156
4,-4,157.38
-94,112,130.37
-42,8,78.088
8,11,53.799
-41,4,67.468
18,-20,10.023
0,-1,-1
-17,-126,31.134
0,-1,-1
0,-1,-1
-26,-3,75.583
0,-1,-1
4,-1,-1
-8,-23,45.543
-26,9,26.429
-33,13,52.082
0,-1,-1
4,-1,-1
17,21,72.862
4,-1,-1
0,-1,-1
-24,-36,165.74
4,-1,-1
2,-1,-1
0,-6,83.308
4,-1,-1
0,-1,-1
13,-20,81.345
30,149,51.966
4,-1,-1
0,-1,-1
1,-1,-1
92,161,86.512
104,-3,96.592
-154,156,92.985
-41,-143,8.0304
0,-1,-1
149,133,60.497
4,-1,-1
-112,19,50.471
0,-1,-1
1,-1,-1
3,-1,-1
22,1,112.88
4,-1,-1
2,-1,-1
1,-1,-1
-122,4,109.62
0,-1,-1
2,-1,-1
6,-21,131.91
-107,1,151.77
-17,-6,198.98
-48,2,29.21
-15,14,168.72
-4,-6,105.78
0,-1,-1
-9,102,5.1048
0,-1,-1
4,-1,-1
4,-1,-1
3,-1,-1
111,27,12.806
4,-1,-1
1,-1,-1
-104,-80,36.265
1,-1,-1
2,-1,-1
82,-15,146.04
-110,-93,54.187
1,-1,-1
4,-1,-1
3,-1,-1
28,125,160.57
0,-1,-1
3,-1,-1
29,19,1.4363
11,-29,18.889
87,-3,104.83
-116,9,102.97
17,11,31.047
0,-1,-1
2,-1,-1
1,-1,-1
3,-1,-1
-20,-49,85.177
-39,-27,56.428
-16,-73,32.267
1,-1,-1
3,-1,-1
4,-1,-1
-35,106,110.62
139,-32,14.375
0,-1,-1
4,-1,-1
2,-1,-1
40,-144,54.424
113,-15,11.056
-6,-20,188.21
-2,-12,102.72
-4,-17,196.24
-64,-65,19.498
-9,154,49.783
0,-1,-1
4,-1,-1
4,-1,-1
3,-1,-1
-16,-40,189.03
4,-1,-1
101,-3,89.189
0,-1,-1
3,-1,-1
-68,42,59.226
3,-1,-1
2,-1,-1
10,0,147.94
-11,17,43.972
6,-9,199.68
-18,-24,14.17
136,97,94.969
17,-63,56.792
3,-1,-1
2,-1,-1
2,-1,-1
127,-18,119.47
-103,-4,53.854
8,-25,18.993
0,-1,-1
4,-1,-1
17,-87,40.694
2,-1,-1
4,-1,-1
137,28,92.685
13,19,135.4
4,-1,-1
3,-1,-1
2,-1,-1
51,2,152.65
95,-5,110.78
4,-1,-1
3,-1,-1
0,-1,-1
-29,-57,7.1509
-11,-5,38.771
3,-1,-1
1,-1,-1
-9,-29,195.79
0,-1,-1
2,-1,-1
2,-1,-1
24,-25,52.905
34,21,63.645
3,-1,-1
1,-1,-1
1,-1,-1
116,84,33.591
-75,21,0.26785
-35,110,117.66
4,-71,8.5751
5,-108,88.265
25,-45,9.8007
1,-1,-1
100,115,63.198
32,-10,86.14
1,-1,-1
0,-1,-1
4,-1,-1
40,30,84.174
0,-1,-1
2,-1,-1
1,-1,-1
91,119,74.612
-36,-105,164.98
0,-1,-1
3,-1,-1
4,-1,-1
-48,-29,25.288
22,121,59.315
136,-2,87.164
101,39,27.918
24,-115,134.94
-3,-106,115.97
-23,50,58.817
-18,42,37.569
55,68,10.135
42,49,62.579
0,-1,-1
4,-1,-1
2,-62,6.8981
4,-1,-1
0,-1,-1
4,-1,-1
-121,-9,72.659
3,-1,-1
2,-1,-1
-9,5,190.66
4,3,188.4
-13,5,55.089
97,133,90.312
0,-1,-1
4,-1,-1
4,-1,-1
-30,-11,195.19
0,-1,-1
3,-1,-1
134,26,80.521
2,-1,-1
4,-1,-1
-17,9,61.809
36,-85,73.706
3,-1,-1
2,-1,-1
-17,-97,191.76
4,-1,-1
2,-1,-1
-49,14,26.008
-43,28,82.578
-3,-97,107.55
0,-1,-1
3,-1,-1
1,-1,-1
-58,0,8.7988
3,-1,-1
4,-1,-1
5,2,151.49
29,7,19.559
-10,-21,17.801
-46,-109,197.15
-4,1,45.655
32,-76,161.28
10,-94,33.801
1,-1,-1
4,-1,-1
3,-1,-1
-23,18,128.48
4,-1,-1
2,-8,160.93
4,-1,-1
2,-1,-1
3,-1,-1
-26,-137,150.79
-13,13,47.689
2,-1,-1
-15,133,66.604
3,-1,-1
4,-1,-1
2,-1,-1
13,-5,190.68
15,0,120.08
-128,-10,185.88
4,-1,-1
3,-1,-1
3,-1,-1
-18,17,29.318
4,-1,-1
1,-1,-1
-160,30,24.06
-117,17,150.71
-109,29,122.99
13,137,128.01
17,49,68.21
-16,29,10.288
4,-1,-1
3,-1,-1
2,-1,-1
2,-1,-1
15,34,48.763
1,-1,-1
4,-1,-1
-15,156,133.13
4,-1,-1
0,-1,-1
122,-11,186.18
64,-26,14.08
1,-1,-1
0,-1,-1
2,-1,-1
-10,-8,29.455
-108,33,46.041
37,99,9.1864
4,-8,48.074
-72,-47,12.847
3,-1,-1
-26,6,135.17
1,-1,-1
2,-1,-1
19,-16,5.2332
-117,1,151.27
0,-1,-1
3,-1,-1
4,-1,-1
125,-117,55.089
1,-1,-1
4,-1,-1
-25,3,155.47
1,-1,-1
0,-1,-1
0,-28,60.135
-148,7,70.66
-20,2,53.997
4,-1,-1
5,1,64.421
1,-1,-1
15,-68,20.953
4,-1,-1
2,-1,-1
-37,2,85.796
1,-1,-1
3,-1,-1
82,-5,107.87
11,-32,24.701
-23,21,10.732
90,-27,23.151
2,-1,-1
4,-1,-1
4,-1,-1
4,-1,-1
1,-1,-1
66,-16,57.881
-10,-15,42.267
4,-1,-1
-37,-5,0.75892
4,-1,-1
-30,-23,5.631
-41,-32,181.19
2,-1,-1
4,-1,-1
-23,21,111.15
0,-1,-1
102,7,104.64
4,-1,-1
0,-1,-1
0,-1,-1
-22,-136,50.912
0,-1,-1
-4,2,48.694
-27,0,186.76
0,-1,-1
-93,-20,27.358
1,-1,-1
3,-1,-1
31,92,62.072
2,-1,-1
4,-1,-1
-14,74,52.74
-153,-133,69.819
-38,6,69.344
43,20,0.86637
15,6,47.847
-19,79,40.504
-3,76,66.965
-82,-20,1.3312
85,18,38.174
1,-1,-1
9,10,173.78
1,-1,-1
0,-1,-1
27,-11,153.15
4,-26,75.11
11,-19,175.8
5,101,57.152
0,-1,-1
-36,93,139.23
0,-1,-1
4,-1,-1
-4,-133,113
3,-1,-1
1,-1,-1
-33,125,12.427
-100,-3,75.635
19,131,113.91
0,-1,-1
4,-1,-1
-15,2,34.286
1,-1,-1
2,-1,-1
62,133,2.3643
1,-1,-1
-23,-36,9.1795
3,-1,-1
2,-1,-1
-10,-36,82.611
-67,147,3.8234
33,165,22.861
1,-1,-1
3,-1,-1
-20,-148,50.363
16,43,24.103
1,-1,-1
3,-1,-1
4,-1,-1
-20,103,35.515
19,-28,122.01
3,-1,-1
1,-1,-1
2,-1,-1
0,-1,-1
-34,-2,46.059
39,8,26.926
0,-1,-1
30,-31,31.735
2,-1,-1
0,-1,-1
19,-103,45.13
1,-1,-1
2,-1,-1
57,-9,1.8162
39,-97,149.29
-32,-28,98.068
-99,-77,32.915
16,77,74.753
-77,17,2.2456
-15,-51,144.44
110,28,177.43
1,-1,-1
0,-1,-1
3,-1,-1
-27,-21,79.877
114,-5,34.279
3,-1,-1
1,-1,-1
165,35,2.7595
4,-1,-1
3,-1,-1
0,-1,-1
-26,-15,69.309
2,-1,-1
4,-1,-1
47,41,6.5076
4,-1,-1
13,129,73.053
0,-1,-1
2,-1,-1
0,-1,-1
110,1,17.578
-19,-8,46.076
-92,-122,36.744
20,9,58.297
2,2,163.43
0,-1,-1
4,-1,-1
5,84,58.52
14,-15,11.155
2,-1,-1
4,-1,-1
26,18,53.899
0,-1,-1
4,-1,-1
41,-7,189.94
25,-21,79.9
-112,5,197.71
33,9,138.84
4,-1,-1
2,-1,-1
0,-1,-1
-69,18,57.543
2,-1,-1
4,-1,-1
-6,-36,87.709
1,-2,110.88
1,-1,-1
4,-1,-1
2,-1,-1
108,-26,36.735
-16,-21,65.407
-102,96,100.26
-6,-19,147.18
-94,94,66.182
3,-1,-1
1,-1,-1
-117,26,113.51
2,-1,-1
1,-1,-1
1,-1,-1
-101,-13,72.205
4,-1,-1
2,-1,-1
2,80,63.213
-5,-26,71.25
106,-17,119.55
4,-1,-1
-54,-93,12.366
2,-1,-1
4,-1,-1
84,-4,166.33
4,-1,-1
1,-1,-1
-102,102,154.17
4,-1,-1
2,-1,-1
-14,-44,45.987
40,-118,1.8041
-79,152,13.389
1,-1,-1
14,-23,136.85
-1,109,142.51
4,-1,-1
3,-1,-1
1,-1,-1
-87,-13,188.34
23,-9,131.86
20,-11,100.79
-26,-16,42.433
1,-1,-1
4,-1,-1
-135,1,37.149
1,-1,-1
3,-1,-1
-92,-9,16.905
10,-115,14.378
3,-1,-1
2,-1,-1
-8,27,33.912
3,-1,-1
0,-1,-1
1,-1,-1
27,-19,66.931
2,-1,-1
136,-39,29.692
3,-1,-1
-16,-147,131.59
4,-1,-1
2,-1,-1
-1,-137,28.073
127,-1,53.037
-6,-9,28.214
-4,-4,185.7
-10,-35,113.68
-5,-6,152.32
111,111,73.654
-3,-5,35.001
0,-1,-1
47,19,159.24
0,-1,-1
4,-1,-1
-113,3,93.214
-133,-21,89.886
0,-1,-1
4,-1,-1
4,-1,-1
-9,-118,139.89
3,-1,-1
91,27,2.7773
4,-1,-1
0,-1,-1
12,-1,71.398
110,-93,72.008
0,-1,-1
4,-1,-1
13,-120,16.945
0,-1,-1
4,-1,-1
16,41,74.167
-122,-28,4.5135
40,17,25.659
4,-1,-1
1,-1,-1
41,105,168.84
30,46,47.181
3,-1,-1
4,-1,-1
1,-1,-1
17,-27,6.1902
4,-1,-1
0,-1,-1
32,-127,19.698
-19,80,46.152
5,0,33.011
11,4,58.745
0,-1,-1
4,-1,-1
8,55,24.469
-4,35,50.317
4,-1,-1
0,-1,-1
2,-1,-1
7,137,128.58
0,-1,-1
-26,3,95.93
2,-1,-1
3,-1,-1
-23,-2,91.876
25,-26,5.439
30,8,92.183
4,-1,-1
3,-1,-1
50,-12,55.978
-87,119,168.22
4,-1,-1
3,-1,-1
0,-1,-1
-84,-6,37.383
148,-12,79.002
1,-1,-1
3,-1,-1
3,-1,-1
-12,-102,53.42
109,1,95.313
-7,3,13.829
152,35,28.02
-1,86,40.304
27,-25,133.48
4,-1,-1
128,-2,117.99
4,-1,-1
2,-1,-1
19,9,118.46
0,-1,-1
4,-1,-1
-13,40,5.2323
1,-4,94.298
2,5,153.81
3,-1,-1
4,-1,-1
-105,-1,36.362
3,-1,-1
2,-1,-1
-105,66,60.389
4,-1,-1
2,-1,-1
1,108,106
13,-134,77.671
43,-117,150.58
100,127,146.2
0,-1,-1
4,-1,-1
1,-1,-1
-8,-96,86.736
-2,20,191.17
4,-1,-1
0,-1,-1
0,-1,-1
-113,2,76.275
-31,-3,42.015
13,-21,24.411
4,-1,-1
1,-1,-1
-26,130,145.53
3,-1,-1
2,-1,-1
9,61,17.996
4,-1,-1
2,-1,-1
-105,-5,58.677
2,-14,123.16
-16,26,44.374
-62,42,28.92
4,-1,-1
0,-1,-1
-19,4,118.06
0,-84,64.939
3,-1,-1
1,-1,-1
0,-1,-1
114,119,39.789
-31,-21,13.067
1,-1,-1
0,-1,-1
2,-1,-1
15,-31,69.768
-81,-93,70.691
-161,-158,136.4
3,-1,-1
4,-1,-1
4,-1,-1
25,-18,70.317
4,-1,-1
1,-1,-1
-45,15,29.546
1,126,169.13
5,11,76.443
113,128,186.58
-12,-4,51.844
-9,26,43.741
0,-1,-1
3,-1,-1
-7,123,163.53
4,-1,-1
0,-1,-1
114,11,181.53
2,-1,-1
4,-1,-1
13,147,108.8
7,8,81.456
0,-1,-1
-4,-127,173.44
0,-1,-1
0,-1,-1
71,61,4.797
1,-1,-1
19,55,165.8
0,-1,-1
4,-1,-1
-21,3,86.44
-101,19,60.273
1,-1,-1
102,-5,8.8042
3,-1,-1
2,-1,-1
-31,-2,99.002
4,-1,-1
1,-1,-1
102,123,73.195
3,-1,-1
1,-1,-1
-22,-52,27.895
92,80,18.827
161,105,52.936
0,-33,76.083
1,29,20.5
102,8,177.49
1,-27,26.058
-2,22,11.877
4,-1,-1
4,-1,-1
-159,-129,90.618
2,-1,-1
3,-1,-1
-85,-10,11.168
-25,11,192.74
3,-1,-1
4,-1,-1
34,8,12.442
3,-1,-1
1,-1,-1
-37,-20,59.655
-7,-3,117.54
-8,-8,192.79
3,-1,-1
1,-1,-1
-37,-118,50.517
2,-1,-1
1,-1,-1
-32,-40,21.924
-25,4,80.157
4,-1,-1
2,-1,-1
-3,-85,15.532
0,-1,-1
2,-1,-1
-16,98,23.755
17,100,30.371
31,-13,25.426
-132,-31,78.439
4,-1,-1
2,-1,-1
-12,-40,24.663
3,-1,-1
0,-1,-1
39,127,28.926
5,108,141.23
0,-1,-1
2,-1,-1
-104,1,38.434
2,-1,-1
2,-1,-1
-37,121,16.714
-14,-7,17.241
-17,-4,81.462
0,-1,-1
2,-1,-1
-126,45,14.148
2,-1,-1
2,-1,-1
-14,7,109.64
87,-24,46.248
1,-1,-1
4,-1,-1
-39,30,11.01
2,-1,-1
4,-1,-1
37,5,46.398
-26,-3,30.088
-5,-7,34.541
95,116,25.742
132,26,148.68
0,-1,-1
4,-1,-1
3,-1,-1
2,87,53.539
-23,9,185.47
4,-1,-1
1,-1,-1
42,12,19.987
0,-1,-1
2,-1,-1
-24,17,32.267
-13,77,194.36
1,-1,-1
3,-1,-1
4,-1,-1
16,-33,56.697
-16,6,46.838
26,12,149.05
-92,16,85.979
2,-1,-1
4,-1,-1
-3,-39,63.364
1,-1,-1
3,-1,-1
-8,18,142.94
-4,-27,61.015
0,-1,-1
4,-1,-1
1,-1,-1
45,-26,26.624
-14,-5,17.371
-41,-30,23.192
2,-1,-1
0,-1,-1
-102,-3,46.374
4,-1,-1
2,-1,-1
16,0,121.85
4,-1,-1
0,-1,-1
-68,-15,52.846
8,1,63.885
119,6,78.144
0,-1,-1
130,5,170.16
-28,-43,8.685
-132,-25,194.57
4,-1,-1
0,-1,-1
0,-1,-1
4,75,41.419
3,-1,-1
4,-1,-1
82,-19,24.772
-12,67,11.408
-5,-122,25.478
26,-12,58.84
0,-1,-1
1,-1,-1
4,-1,-1
0,-1,-1
-28,-4,15.709
-40,78,5.7106
4,-1,-1
0,-1,-1
-59,-14,19.137
2,-1,-1
3,-1,-1
3,-1,-1
-31,-5,34.213
-33,-2,14.453
-10,11,41.755
0,-1,-1
3,8,121.42
11,17,157.43
0,-1,-1
4,-1,-1
4,-1,-1
-18,2,123.64
0,-1,-1
-5,9,87.406
3,-1,-1
2,-1,-1
-36,-44,76.64
10,100,78.024
-2,-39,33.844
0,-1,-1
2,-1,-1
3,-1,-1
-9,-2,90.872
2,-1,-1
1,-1,-1
12,-147,28.038
-45,-9,17.126
22,-17,58.712
-27,-11,75.117
-32,-104,19.479
10,-21,60.169
52,-34,17.074
3,-1,-1
1,-1,-1
105,-20,72.43
3,-1,-1
1,-1,-1
-2,22,47.626
4,-1,-1
-161,20,121.21
1,-1,-1
0,-1,-1
-10,104,75.948
22,-11,38.846
3,-1,-1
-26,-16,92.263
4,-1,-1
1,-1,-1
-31,125,104.02
1,-1,-1
2,-1,-1
-23,-38,115.46
1,-1,-1
4,-1,-1
-34,-27,45.205
5,-132,25.101
0,-1,-1
-2,10,165.05
11,42,0.99626
1,-1,-1
-111,104,19.127
4,-1,-1
1,-1,-1
0,-1,-1
-18,-24,103.46
82,-12,199.33
4,-1,-1
2,-1,-1
2,-1,-1
-49,-12,125.78
86,-33,48.204
-61,-7,186.78
-99,-164,29.838
-29,24,47.593
1,-1,-1
4,-1,-1
4,-1,-1
3,-1,-1
-8,-21,140.61
4,-1,-1
1,-1,-1
4,-1,-1
-94,-27,55.946
-101,-11,33.195
38,0,1.2763
15,34,0.27109
-38,28,35.768
-45,-43,146.07
1,-1,-1
0,-1,-1
-20,-99,53.622
0,-1,-1
1,-1,-1
-41,-23,63.507
-1,-31,11.673
1,157,35.007
78,-54,6.091
4,-1,-1
2,-1,-1
1,-1,-1
1,-1,-1
-17,127,148.54
4,-1,-1
-82,-91,8.9059
1,-1,-1
2,-1,-1
85,-40,35.245
-11,-18,22.509
2,-7,24.535
-24,31,32.672
41,-4,113.03
20,-4,61.731
-4,41,13.5
4,-1,-1
4,15,170.88
0,-1,-1
4,-1,-1
22,22,112.72
115,-13,118.09
0,-1,-1
1,-1,-1
3,-1,-1
1,-1,-1
2,-5,162.46
-1,-4,153.07
-52,-10,43.945
0,-1,-1
1,-1,-1
65,15,83.888
1,-1,-1
0,-1,-1
-27,-8,26.573
4,-1,-1
1,-1,-1
15,37,14.285
-33,96,81.179
-29,-31,43.092
-2,-21,6.6519
147,-60,52.498
4,-1,-1
1,-1,-1
-45,23,138.1
1,-1,-1
0,-1,-1
-107,27,18.85
-8,93,83.969
3,-1,-1
0,-1,-1
4,-1,-1
-17,151,34.236
-92,-103,61.768
4,-1,-1
2,-1,-1
-16,-31,139.94
3,-1,-1
2,-1,-1
-34,27,95.959
-6,-27,76.387
-33,-102,52.484
26,-68,10.485
4,-1,-1
4,-1,-1
100,14,14.703
1,-1,-1
4,-1,-1
14,-25,152.91
2,-1,-1
1,-1,-1
-56,-102,16.918
1,-1,-1
4,-1,-1
79,4,18.802
-112,-21,50.433
-53,-7,130.61
85,15,53.432
99,-2,68.135
-22,-42,35.962
4,-1,-1
2,-1,-1
-9,22,16.82
4,-1,-1
2,-1,-1
82,13,133.33
82,-114,129.16
2,-1,-1
1,-1,-1
1,-1,-1
-170,114,122.78
4,-33,126.96
3,-1,-1
1,-1,-1
-117,-81,27.146
2,-1,-1
4,-1,-1
25,-23,145.53
-103,8,24.339
85,-26,86.473
23,-7,66.755
1,-1,-1
3,-1,-1
4,-1,-1
4,99,37.676
-24,-24,41.985
1,-1,-1
4,-1,-1
-7,-19,97.815
2,-1,-1
4,-1,-1
16,127,110.94
-79,26,2.5572
1,-1,-1
-98,-15,141.99
3,-1,-1
2,-1,-1
1,-1,-1
-39,-5,33.325
24,17,134.35
97,-14,55.36
-30,-15,103.26
-1,-8,24.922
4,-1,-1
3,-1,-1
1,-1,-1
1,-1,-1
9,-28,9.1837
-33,12,95.635
1,-1,-1
3,-1,-1
12,-91,51.535
2,-1,-1
4,-1,-1
-33,-32,44.06
17,-137,135.99
-19,-11,141.53
-22,-36,24.01
4,-1,-1
1,-1,-1
32,49,0.048757
1,-1,-1
3,-1,-1
1,-1,-1
88,3,115.79
3,-1,-1
-141,97,132.98
2,-1,-1
89,115,114.64
1,-1,-1
4,-1,-1
0,131,84.513
12,136,43.218
120,1,138.47
-20,-24,33.562
91,104,182.09
0,-1,-1
4,-1,-1
0,-1,-1
108,-47,20.947
4,-1,-1
0,-1,-1
4,-1,-1
-14,-27,92.855
9,16,21.57
7,-2,168.01
4,-1,-1
86,10,12.921
0,-1,-1
3,-1,-1
-39,-21,57.852
4,-1,-1
2,-1,-1
4,-1,-1
-44,13,15.201
-113,95,113.4
13,-32,82.38
-24,16,16.343
-40,-9,27.022
31,-13,36.879
43,19,0.26719
-127,10,22.089
1,-1,-1
2,-1,-1
18,-20,165.01
12,-99,65.232
3,-1,-1
4,-1,-1
2,-1,-1
5,23,115.01
23,-30,20.208
-17,13,46.647
3,-1,-1
4,-1,-1
-31,-26,107.09
1,-1,-1
4,-1,-1
-16,103,147.08
4,-1,-1
-8,19,71.377
1,-1,-1
2,-1,-1
-34,97,184.32
138,-33,53.895
3,-1,-1
1,-1,-1
-36,5,18.577
1,-1,-1
4,-1,-1
-31,-7,56.396
1,-1,-1
14,115,90.815
-37,39,5.7346
1,-1,-1
9,-86,136.01
3,-1,-1
0,-1,-1
4,-1,-1
-23,114,44.729
9,-11,9.8484
3,-1,-1
1,-1,-1
29,-22,33.058
-248,85,78.973
2,-1,-1
-1,21,1.4681
4,-1,-1
1,-1,-1
6,-46,103.74
-4,-46,51.27
4,-1,-1
1,-1,-1
169,-23,74.473
2,-1,-1
3,-1,-1
-27,-22,85.436
-79,-5,55.675
-22,-21,35.491
-150,111,189.79
1,-1,-1
2,-1,-1
95,-18,39.878
-30,1,22.864
2,-1,-1
1,-1,-1
4,-1,-1
3,-1,-1
26,-31,60.215
2,-1,-1
4,-1,-1
-21,-94,64.195
-99,25,120.77
49,-6,74.406
0,-6,45.375
27,-13,102.15
4,-1,-1
1,-1,-1
1,-1,-1
3,-1,-1
4,-1,-1
4,-1,-1
-38,-18,139.12
-41,7,29.465
-38,-29,66.257
1,-1,-1
4,-1,-1
4,-1,-1
30,15,4.2994
36,-32,144.75
3,-1,-1
1,-1,-1
-25,-4,195.28
3,-1,-1
4,-1,-1
-25,-133,115.39
1,-122,150.07
1,2,150
-32,9,77.922
71,-6,89.421
0,-1,-1
3,-1,-1
3,-1,-1
-136,-3,119.2
-43,61,12.487
0,-1,-1
-9,-48,32.218
4,-1,-1
2,-1,-1
3,-1,-1
-10,-6,31.785
21,21,90.948
0,-1,-1
3,-1,-1
-8,-18,56.797
-145,-51,118.72
0,-1,-1
4,-1,-1
-23,0,112.98
15,-40,62.01
3,-1,-1
4,-1,-1
2,-1,-1
29,-22,63.316
-38,-125,20.551
82,81,49.948
2,-1,-1
0,-1,-1
-15,-74,90.514
0,-1,-1
1,-1,-1
3,-1,-1
-82,26,3.5121
32,33,0.35881
-92,6,0.68993
-21,-81,42.413
42,12,2.9374
6,-8,156.55
-101,40,30.869
38,-39,11.062
19,40,96.476
70,142,132.53
1,-1,-1
-31,-8,135.41
0,-1,-1
1,-1,-1
-12,-4,169.96
0,-1,-1
1,-1,-1
-17,29,20.178
1,-1,-1
0,-1,-1
-147,31,47.813
4,-1,-1
1,-1,-1
-11,0,174.9
34,-3,194.7
-14,84,92.526
1,-1,-1
2,-1,-1
0,-1,-1
0,-18,28.643
-156,-6,88.306
-47,22,132.36
1,-1,-1
0,-1,-1
124,-94,93.491
0,-1,-1
-16,118,30.683
0,-1,-1
1,-1,-1
2,-9,43.497
-12,0,43.548
0,-1,-1
1,-1,-1
1,-1,-1
22,4,33.779
13,12,153.19
7,-50,143.45
1,-1,-1
0,-1,-1
9,-101,49.947
-39,111,67.323
2,-1,-1
4,-1,-1
1,-1,-1
32,96,14.895
-157,-155,40.963
35,-14,8.4059
2,-1,-1
3,-1,-1
4,-1,-1
-122,5,18.062
3,-1,-1
1,-1,-1
-33,23,97.862
5,-107,118.28
1,-1,-1
-20,-83,105.09
0,-1,-1
-23,133,66.036
1,-1,-1
0,-1,-1
1,-1,-1
-72,-85,1.6653
59,25,4.1602
-4,-4,31.387
35,4,95.329
-88,-126,71.216
-8,38,51.677
-96,-21,97.768
9,-119,11.514
-55,-7,150.17
0,-1,-1
1,-1,-1
1,-1,-1
-102,-31,97.368
0,-1,-1
1,-1,-1
12,27,47.291
0,-1,-1
1,-1,-1
35,-20,31.067
0,-1,-1
1,-1,-1
-29,13,72.134
1,-1,-1
0,-1,-1
-68,28,1.3359
130,2,133.14
1,-1,-1
10,-3,198.54
7,13,130.86
1,-1,-1
-121,118,191.95
1,-1,-1
0,-1,-1
103,10,150.92
3,-48,142.75
61,39,13.384
1,-1,-1
14,39,195.21
1,-1,-1
0,-1,-1
0,-1,-1
-12,24,176.22
0,-1,-1
3,20,28.868
0,-1,-1
1,-1,-1
-26,-22,56.081
103,2,146.39
-9,-30,2.1403
0,-1,-1
1,-1,-1
0,-1,-1
2,4,188.04
8,-27,120.33
4,-1,-1
1,-1,-1
2,-1,-1
32,14,51.074
31,-51,7.7859
21,144,5.0448
107,127,160.15
61,26,3.9466
2,-1,-1
3,-1,-1
1,-1,-1
-79,-126,3.9174
-2,-11,132.71
22,147,18.962
1,-1,-1
77,-31,3.6019
-69,3,16.311
1,-1,-1
0,-1,-1
0,-1,-1
1,-1,-1
146,19,10.229
-53,4,154.61
0,-1,-1
1,-1,-1
4,-1,-1
-118,4,133.66
128,48,192.95
1,-1,-1
21,7,35.951
0,-1,-1
1,-1,-1
27,-49,11.652
-18,-9,65.975
2,10,136.41
0,-1,-1
1,-1,-1
1,-1,-1
0,-1,-1
-90,0,60.969
8,12,98.161
3,-1,-1
94,-129,170.08
4,-1,-1
1,-1,-1
-12,-36,147.92
1,-1,-1
3,-1,-1
19,-24,71.395
106,36,27.522
12,-27,19.129
-99,-5,19.894
67,-5,49.753
19,-19,117.13
-16,93,50.159
10,-110,13.806
-46,12,59.459
6,115,65.821
2,-1,-1
3,-1,-1
1,-1,-1
15,-6,126.08
-104,-104,150.65
4,-1,-1
2,-1,-1
-16,-8,126.49
3,-1,-1
4,-1,-1
81,97,111.37
126,-10,139.72
-14,-120,17.422
4,-1,-1
2,-1,-1
8,-21,85.877
4,-1,-1
3,-1,-1
-51,-19,157.32
4,-1,-1
2,-1,-1
1,-1,-1
-118,-2,1.6292
1,-1,-1
3,-1,-1
22,31,111.53
-33,-1,28.51
-7,-154,82.462
-1,-106,90.851
1,-1,-1
3,-1,-1
-99,5,123.49
-37,-13,34.241
4,-1,-1
-98,-18,186.22
0,-1,-1
3,-1,-1
4,-94,83.07
2,-1,-1
1,-1,-1
73,36,0.51258
1,-1,-1
-11,23,107.12
3,-1,-1
4,-1,-1
1,-1,-1
104,0,20.885
-16,-23,91.393
14,-18,117.37
4,-1,-1
29,-12,173.89
72,-21,55.334
1,-1,-1
-13,-38,39.861
3,-1,-1
-22,82,44.626
0,-1,-1
1,-1,-1
-6,-40,76.105
1,-1,-1
3,-1,-1
118,-33,60.173
-39,8,117.81
3,-1,-1
1,-1,-1
116,79,103.18
-91,16,21.765
4,-1,-1
41,7,27.749
4,-1,-1
2,-1,-1
7,-15,64.934
0,-1,-1
2,-1,-1
40,132,170.09
-63,-9,175.64
1,-1,-1
3,-1,-1
9,2,94.364
1,-1,-1
0,-1,-1
1,-4,22.635
84,-8,191.92
-9,96,19.863
-3,-1,159.79
99,29,78.749
-56,-6,84.16
0,-1,-1
1,-1,-1
1,-1,-1
1,-1,-1
1,-1,-1
-157,0,24.76
3,-1,-1
1,-1,-1
-38,42,19.577
-104,28,90.67
-24,-61,29.951
1,-1,-1
3,-1,-1
0,-1,-1
0,-1,-1
-32,-14,48.074
-36,84,49.082
-101,25,6.5784
1,-1,-1
-63,-5,2.6027
1,-1,-1
1,154,67.759
120,-2,13.831
0,-1,-1
92,-135,25.239
1,-1,-1
3,-1,-1
113,96,145.71
0,-1,-1
4,-1,-1
-4,13,44.508
0,-1,-1
4,-1,-1
22,18,70.728
-31,-46,101.47
-170,-21,132.48
25,10,40.34
1,-1,-1
3,-1,-1
3,-1,-1
-1,-120,63.253
0,-1,-1
3,-1,-1
4,-1,-1
-14,-133,19.27
-14,-39,46.343
-64,46,0.14706
-15,-112,61.169
67,20,0.29675
31,-77,59.283
117,18,189.59
9,11,184.63
-6,-3,38.822
-2,9,17.249
1,-1,-1
24,-133,113.45
0,-1,-1
1,-1,-1
-110,43,185.4
-112,-25,161.51
1,-1,-1
58,-158,2.1305
1,-1,-1
0,-1,-1
0,-1,-1
-6,118,63.283
5,-87,126.86
1,-1,-1
0,-1,-1
0,-1,-1
1,-1,-1
0,-1,-1
12,102,31.351
29,26,115.09
-57,-80,10.652
48,9,71.626
-35,-42,36.456
3,-1,-1
0,-1,-1
0,-1,-1
-5,-7,77.466
6,24,154.53
0,-1,-1
2,-1,-1
-17,21,9.2638
4,-1,-1
1,-1,-1
-10,-24,97.331
1,-1,-1
67,-77,0.076916
3,-1,-1
4,-1,-1
-81,25,21.667
-11,-5,30.335
19,-71,52.112
22,95,115.05
0,-1,-1
1,-1,-1
-3,-81,125.1
1,-1,-1
0,-1,-1
4,-1,-1
2,-1,-1
-29,38,44.984
142,22,99.332
52,-103,31.844
1,-1,-1
3,-1,-1
72,-102,7.6667
125,2,94.058
-11,134,126.33
4,-1,-1
3,-1,-1
1,-1,-1
42,57,48.687
0,-1,-1
4,-1,-1
-107,-122,33.778
-33,9,18.46
1,-1,-1
0,-1,-1
1,-1,-1
29,-146,24.333
-32,33,45.422
-26,3,38.495
33,-77,10.474
9,-40,25.713
-31,22,148.12
-32,6,121.19
104,36,24.66
-38,18,25.968
4,-1,-1
3,-1,-1
83,-15,158.96
1,-1,-1
0,-1,-1
-23,29,46.937
-108,-19,16.63
3,-1,-1
1,-1,-1
-21,0,33.523
4,-1,-1
0,-1,-1
12,-1,19.114
-9,48,61.657
-35,-126,135.97
3,-1,-1
4,-1,-1
-27,33,95.559
1,-1,-1
0,-1,-1
1,-1,-1
18,38,13.378
-25,-7,87.292
0,-1,-1
1,-1,-1
25,9,143.41
-1,-3,153.03
90,-143,138.1
0,-1,-1
1,-1,-1
2,-1,-1
9,-24,28.411
1,-1,-1
4,-1,-1
-3,-1,68.574
-139,-9,72.174
101,31,145.05
-2,126,92.369
-20,27,191.54
0,-1,-1
2,-1,-1
-28,21,4.9591
2,-1,-1
3,-1,-1
26,137,111.86
3,-1,-1
1,-1,-1
-17,12,41.469
4,-1,-1
3,-1,-1
-27,21,31.452
17,2,61.832
21,-72,25.893
-1,61,59.077
4,-1,-1
0,-1,-1
7,41,19.38
4,-1,-1
2,-1,-1
-16,-15,13.002
-84,-129,17.331
2,-1,-1
1,-1,-1
-20,17,79.713
4,-1,-1
0,-1,-1
-18,2,117.12
31,25,16.094
4,-1,-1
3,-1,-1
2,-1,-1
28,-7,30.635
-60,7,56.148
88,-110,35.356
-5,-29,36.819
-43,-145,19.356
0,45,26.427
4,-1,-1
0,-1,-1
-30,-27,157.74
2,-1,-1
0,-1,-1
-21,-152,149.43
-39,87,173.07
3,-1,-1
0,-1,-1
7,-152,43.633
4,-1,-1
1,-1,-1
30,3,72.189
84,131,162.47
16,1,82.871
0,-1,-1
3,-1,-1
1,-1,-1
1,-1,-1
-14,-25,147.97
3,-1,-1
1,-1,-1
24,-25,24.82
136,-24,29.862
3,-1,-1
-106,-140,109
3,-1,-1
0,-1,-1
1,-1,-1
-109,45,144.76
-9,50,21.939
-137,18,44.034
-6,2,191.43
122,11,92.651
4,-1,-1
3,-1,-1
10,63,20.83
1,-1,-1
3,-1,-1
-29,24,139.63
-49,118,65.31
1,-1,-1
3,-1,-1
-40,34,15.231
3,-1,-1
1,-1,-1
88,-110,16.464
-137,-76,156.32
-45,-33,9.7472
42,-72,15.544
1,-1,-1
0,-1,-1
-26,166,62.053
0,-1,-1
1,-1,-1
0,-1,-1
-51,-8,115.1
16,33,193.03
0,-1,-1
1,-1,-1
4,-1,-1
14,-1,99.628
0,-1,-1
1,-1,-1
-130,-2,55.872
114,-12,112.88
100,53,8.3931
-19,-10,36.857
-160,-103,58.294
0,-1,-1
3,-1,-1
4,-1,-1
-127,-11,196.9
4,0,161.31
47,111,80.095
21,35,24.377
0,-1,-1
1,-1,-1
1,-1,-1
0,-1,-1
0,-1,-1
-9,12,132.86
142,-37,162.03
4,-1,-1
17,38,47.099
0,-1,-1
2,-1,-1
1,-1,-1
38,8,149.11
-8,-29,38.969
16,-76,39.982
41,100,25.717
24,-25,17.292
1,-1,-1
-107,6,55.926
0,-1,-1
61,62,4.9795
0,-1,-1
1,-1,-1
1,-1,-1
32,30,13.827
11,-31,97.987
4,-1,-1
3,-1,-1
1,-1,-1
-19,3,189.46
-96,-5,9.7837
0,-1,-1
-1,1,103.76
7,10,48.198
0,-1,-1
4,-1,-1
84,-16,19.587
4,-1,-1
2,-1,-1
-10,9,80.741
1,-1,-1
3,-1,-1
31,-61,27.537
1,-1,-1
2,-1,-1
-3,1,145.7
-41,-142,100.88
-16,-131,30.669
-18,-13,147.03
2,41,172.57
-97,35,41.232
-17,-14,123.98
0,-1,-1
5,-23,199.75
0,-1,-1
81,44,4.3557
4,-1,-1
0,-1,-1
-111,88,3.5234
3,-1,-1
32,-4,161.66
0,-1,-1
4,-1,-1
-45,-6,2.1599
3,-1,-1
2,-1,-1
11,-14,106.07
0,0,135.98
0,-1,-1
-10,-76,6.4782
0,18,72.532
0,-1,-1
4,-1,-1
4,-1,-1
20,8,119.8
-35,94,195.54
25,-9,110.79
0,-1,-1
-16,-169,134.88
2,-1,-1
13,-130,88
2,-1,-1
0,-1,-1
-116,-24,149.75
0,-1,-1
4,-1,-1
4,-1,-1
-18,-34,94.893
89,-7,191.88
0,-1,-1
27,-13,61.604
1,-1,-1
3,-1,-1
27,16,43.425
-15,-12,38.617
2,-37,73.255
0,-1,-1
4,-1,-1
2,-1,-1
4,-1,-1
211,-22,67.311
-18,71,5.4835
3,-1,-1
1,-1,-1
4,-1,-1
9,-87,110.53
-122,3,88.66
-8,-8,57.666
7,-36,90.652
4,-1,-1
2,-1,-1
-19,-29,24.867
3,-1,-1
0,-1,-1
-40,-11,79.632
4,-1,-1
3,-1,-1
1,-1,-1
18,95,45.45
-30,-110,14.251
81,4,40.294
26,-36,36.72
-32,29,49.278
-98,-18,41.915
-37,-5,23.859
-57,110,36.37
-108,-16,62.156
-15,14,28.385
-28,79,97.09
4,-1,-1
0,-1,-1
34,-129,35.717
2,-1,-1
1,-1,-1
41,-3,78.21
2,-39,28.051
4,-1,-1
2,-1,-1
34,19,59.076
0,-1,-1
1,-1,-1
16,-18,31.901
-24,-116,144.34
-51,-12,163.15
0,-1,-1
2,-1,-1
4,-1,-1
9,4,84.967
0,-1,-1
3,-1,-1
13,-21,35.274
137,-23,183.48
64,-12,52.525
20,-6,115.06
2,-1,-1
3,-1,-1
-12,-34,140.61
0,-1,-1
1,-1,-1
122,-2,37.239
4,-1,-1
-45,-28,2.2306
3,-1,-1
1,-1,-1
-4,91,68.648
-27,-25,134.84
89,-31,53.45
3,-1,-1
4,-1,-1
-57,-13,63.826
1,-1,-1
3,-1,-1
-19,-1,164.55
-29,-47,121.02
1,-1,-1
2,-1,-1
2,-1,-1
42,-2,160.97
-7,-18,122.34
-27,104,79.96
37,13,165.77
-82,104,120.89
3,-1,-1
4,-1,-1
-78,13,21.407
1,-1,-1
0,-1,-1
4,-1,-1
2,97,16.453
4,-1,-1
6,-34,82.144
10,20,80.946
3,-1,-1
4,-1,-1
11,-37,174.03
2,-1,-1
1,-1,-1
-122,11,64.212
-8,122,64.724
0,-1,-1
3,-1,-1
103,119,129.17
1,-1,-1
3,-1,-1
-1,1,158.38
127,-5,113.72
-163,-5,28.19
-13,8,29.541
-13,-7,174.4
1,-1,-1
4,-1,-1
0,-1,-1
-46,0,137.83
1,-1,-1
4,-1,-1
126,18,6.9278
4,-1,-1
8,-96,178.84
1,-1,-1
0,-1,-1
47,65,39.16
1,-1,-1
0,-1,-1
1,78,96.729
-3,43,36.599
27,87,161.81
-61,46,47.587
1,-1,-1
0,-1,-1
-51,-9,0.073868
1,-1,-1
0,-1,-1
2,-1,-1
-16,-7,166.14
0,-1,-1
4,-1,-1
8,-24,12.684
16,109,22.485
-52,-19,38.722
-46,111,61.644
-3,19,7.1036
4,-1,-1
3,-1,-1
-4,-24,4.2281
16,40,1.0045
3,-1,-1
4,-1,-1
1,-1,-1
-12,1,145.87
24,144,82.057
4,-1,-1
0,-1,-1
2,-1,-1
1,-1,-1
-29,2,170.9
-7,-6,193.31
1,-1,-1
90,11,126.3
1,-1,-1
3,-1,-1
-1,-16,172.38
4,-1,-1
1,-1,-1
-57,9,15.049
-106,-1,13.436
10,14,23.839
73,23,106.62
-197,-9,43.301
-61,-3,36.79
65,17,138.37
5,-24,106.03
18,31,41.334
0,-1,-1
2,-1,-1
-55,-5,132.03
3,-1,-1
0,-1,-1
87,-3,172.78
-1,127,191.29
0,-1,-1
1,-1,-1
1,-1,-1
6,-18,16.182
65,-17,24.285
-186,-10,44.345
3,-1,-1
2,-1,-1
-24,28,129.87
0,-1,-1
2,-1,-1
-6,-7,133.46
-80,118,128.73
1,-1,-1
3,-1,-1
3,-1,-1
115,-33,42.437
-105,88,7.5547
3,-1,-1
103,13,124.95
-137,10,177.96
0,-1,-1
3,-1,-1
3,-1,-1
7,-34,161.64
1,-1,-1
0,-1,-1
-9,26,99.485
84,8,85.407
-1,19,105.16
4,-1,-1
1,-1,-1
0,-1,-1
1,-1,-1
19,7,33.57
-3,-17,163.11
-1,-3,53.475
-18,-7,108.38
-18,146,152.86
0,-1,-1
-21,65,19.566
1,-1,-1
0,-1,-1
101,28,6.3999
4,-1,-1
0,6,126.93
0,-1,-1
2,-1,-1
2,26,3.2775
-23,35,12.781
-36,22,21.14
4,-1,-1
0,-1,-1
-19,-17,54.318
0,-1,-1
3,-1,-1
11,-5,33.423
10,-1,58.156
2,-1,-1
2,-1,-1
6,14,147.46
4,-1,-1
0,-1,-1
-26,20,89.072
99,12,85.283
3,-1,-1
25,-50,18.233
1,-1,-1
3,-1,-1
126,-7,136.89
2,-1,-1
-31,86,3.7882
1,-1,-1
4,-1,-1
24,8,128.02
-170,-116,22.461
-19,-7,142.55
22,15,156.24
4,-1,-1
-1,23,164.16
4,-1,-1
1,-1,-1
-128,-132,173.13
9,-130,111.47
3,-1,-1
2,-1,-1
1,-1,-1
110,-5,174.8
45,-60,9.3832
3,-1,-1
0,-1,-1
4,-1,-1
14,-92,98.105
-1,-70,21.102
2,-1,-1
1,-1,-1
7,33,130.61
-21,111,94.265
55,-81,42.093
1,-1,-1
3,-1,-1
32,24,19.186
3,-1,-1
2,-1,-1
0,-1,-1
-31,27,14.002
35,24,170.41
-118,-12,9.9584
25,-6,8.0279
-28,99,47.646
-106,-9,190.14
3,-1,-1
0,-1,-1
-1,18,15.25
0,-1,-1
2,-1,-1
25,132,58.558
19,-6,155.8
1,13,14.16
1,-1,-1
0,-1,-1
1,-1,-1
-23,-5,67.369
-13,26,120.84
1,-1,-1
0,-1,-1
4,-1,-1
-6,-4,131.16
16,12,158.69
-39,34,5.2308
102,-34,132.77
1,-1,-1
3,-1,-1
-152,131,91.774
1,-1,-1
2,-1,-1
4,-1,-1
-130,102,90.383
-16,-125,144.56
-95,-116,138.75
1,-1,-1
0,-1,-1
83,15,53.919
1,-1,-1
0,-1,-1
-31,84,198.04
2,-1,-1
0,-1,-1
22,8,90.387
39,3,104.93
-8,-63,10.26
4,-1,-1
0,-1,-1
1,-1,-1
-16,4,140.28
0,-1,-1
-2,13,61.873
2,-1,-1
1,-1,-1
-55,-110,161.96
118,2,187.35
12,31,93.971
-46,-14,19.84
120,9,134.44
-110,-11,26.802
1,-1,-1
4,-1,-1
-26,64,31.127
0,-1,-1
1,-1,-1
5,2,195.72
0,-1,-1
86,15,47.57
2,-1,-1
4,-1,-1
-75,40,9.9922
-85,-2,157.29
1,-1,-1
0,-1,-1
4,-1,-1
21,146,102.57
1,-1,-1
-7,-10,79.784
-10,0,75.764
0,-1,-1
1,-1,-1
0,-1,-1
-59,6,161.91
1,-1,-1
4,-1,-1
-14,-19,59.597
13,-11,169.32
9,-13,113.27
11,-89,76.361
0,113,69.713
-52,7,33.996
10,0,123.86
-42,16,20.913
3,-1,-1
3,-1,-1
140,-8,91.625
3,-1,-1
1,-1,-1
6,-126,43.9
77,26,41.827
3,-1,-1
0,-1,-1
-55,-4,60.37
3,-1,-1
4,-1,-1
75,-16,79.507
92,128,47.451
1,-1,-1
0,-1,-1
4,-1,-1
-18,-4,176.83
41,60,1.0399
0,-1,-1
-65,7,126.62
4,-1,-1
0,-1,-1
-53,7,76.365
1,-1,-1
5,49,108.93
3,-1,-1
4,-1,-1
1,-1,-1
10,66,8.6785
1,-1,-1
0,-1,-1
4,-8,18.683
-26,-27,51.039
-30,109,13.809
3,-1,-1
-39,-101,51.071
1,-1,-1
4,-1,-1
-38,26,105.37
0,-1,-1
2,-1,-1
-29,4,60.777
7,-14,28.432
39,-42,5.7053
3,-1,-1
4,-1,-1
38,3,6.5606
1,-1,-1
-38,-7,110.71
4,-1,-1
0,-1,-1
-36,28,194.99
1,-1,-1
0,-1,-1
-20,127,21.429
9,-39,57.991
38,-31,64.338
-120,87,10.653
156,10,47.888
8,-19,48.793
-148,-21,152.86
-37,-27,174.15
0,-1,-1
4,-1,-1
19,4,173
4,-1,-1
3,-1,-1
8,-113,70.964
75,-25,196.68
3,-1,-1
-110,2,33.231
0,-1,-1
3,-1,-1
-30,-10,133.36
0,-1,-1
-23,-9,151.04
3,-1,-1
0,-1,-1
4,-1,-1
12,-10,144.56
-29,-136,38.62
26,-30,124.76
4,-1,-1
0,-1,-1
-24,91,193.8
1,-1,-1
0,-1,-1
1,-1,-1
-24,108,183.65
-16,-40,158.76
1,-1,-1
56,-59,14.37
1,-1,-1
0,-1,-1
0,-1,-1
21,5,59.689
31,9,17.255
63,-25,10.718
9,-41,183.25
-5,-28,121
0,-1,-1
19,-5,119.43
1,-1,-1
0,-1,-1
-4,0,154.47
-2,1,145.44
0,-1,-1
1,-1,-1
1,-1,-1
80,86,25.617
1,-1,-1
0,-1,-1
29,-12,75.753
-7,-20,121.53
1,-1,-1
4,-1,-1
2,-1,-1
31,-24,83.336
97,-32,9.0206
-76,-44,10.506
2,-1,-1
4,-1,-1
109,-50,86.937
4,-1,-1
2,-1,-1
-24,-22,51.49
-104,-8,190.18
1,-1,-1
2,-1,-1
3,108,74.731
0,-1,-1
4,-1,-1
-115,17,130.75
93,-22,21.072
57,78,10.9
1,-1,-1
44,-28,50.619
53,-141,47.498
1,-1,-1
7,128,163.73
1,-1,-1
0,-1,-1
21,-121,75.435
4,-1,-1
1,-1,-1
72,-8,18.156
3,-16,89.145
17,7,59.284
-149,97,122.47
3,-1,-1
1,-1,-1
3,-2,177.14
4,-1,-1
1,-1,-1
41,101,7.1517
0,-1,-1
-10,-34,116.46
2,-1,-1
1,-1,-1
1,-1,-1
-23,-10,30.606
1,2,179.32
-5,110,3.2125
0,-1,-1
1,-1,-1
0,-1,-1
2,25,82.748
2,-1,-1
4,-1,-1
1,-2,28.09
-1,-1,71.597
-126,-5,12.697
-2,-6,115.86
-5,-13,52.966
32,31,127.37
0,-1,-1
2,3,196.04
-97,-77,196.61
0,2,116.79
3,-1,-1
0,-1,-1
0,-80,3.9165
2,-1,-1
0,-1,-1
0,-1,-1
8,116,161.04
0,-1,-1
-26,-3,131.77
4,-1,-1
1,-1,-1
2,-10,25.802
5,48,17.843
0,-1,-1
3,-1,-1
0,46,69.58
4,-1,-1
3,-1,-1
123,-2,29.495
99,-21,67.273
120,-12,122.24
-31,-3,122.21
120,-132,0.84777
-147,-18,15.127
0,-1,-1
4,-1,-1
0,-1,-1
3,-1,-1
0,-15,129.51
0,-1,-1
11,30,64.067
4,-1,-1
3,-1,-1
-26,93,49.149
-41,103,37.206
1,-1,-1
0,-1,-1
-54,-37,123.31
4,-1,-1
0,-1,-1
41,-101,73.557
5,-10,61.006
-113,-6,24.517
1,122,69.473
117,-11,150.98
0,-1,-1
-22,-36,13.514
0,-1,-1
4,-1,-1
110,-5,18.306
-23,-5,188.15
0,-1,-1
3,-1,-1
12,13,0.14284
1,-1,-1
4,-1,-1
22,25,22.565
54,14,5.8438
14,-124,169.49
1,-1,-1
3,-1,-1
0,-1,-1
3,-1,-1
89,2,29.547
70,114,114.22
37,4,38.906
23,-15,69.685
-152,-31,104.25
-37,39,6.6475
-36,-101,19.861
2,-1,-1
0,-1,-1
118,90,92.674
0,-1,-1
2,-1,-1
81,-14,159.03
4,-1,-1
2,-1,-1
-4,-20,148.64
1,-56,77.549
1,-1,-1
0,-1,-1
3,99,111.67
0,-1,-1
2,-1,-1
-9,-15,43.85
-8,-2,40.189
47,26,24.734
3,-1,-1
4,-1,-1
-2,-5,152.45
0,-1,-1
3,-1,-1
-43,123,43.336
20,104,194.77
4,-1,-1
1,-1,-1
3,-1,-1
3,-1,-1
-21,119,192.91
-33,66,2.8592
4,-1,-1
3,-1,-1
1,-1,-1
-7,-151,17.799
-123,-48,14.404
4,-1,-1
2,-1,-1
-12,108,26.337
3,-1,-1
122,29,85.518
2,-1,-1
4,-1,-1
73,17,61.308
47,-12,80.934
1,-1,135.43
7,-7,75.408
-5,-87,96.931
131,-5,165.16
131,-5,109.83
19,-125,12.117
-76,-67,32.212
-20,24,133.6
-5,72,6.7346
0,-1,-1
0,-1,-1
-29,2,55.983
0,-1,-1
2,-1,-1
14,-109,66.811
4,-1,-1
2,-1,-1
21,8,179.13
-48,-36,7.4155
27,-8,136.96
0,-1,-1
1,-1,-1
48,-61,14.412
0,-1,-1
4,-1,-1
29,-104,43.794
0,-1,-1
-6,2,167.65
0,-1,-1
1,-1,-1
12,-3,102.69
13,-75,81.217
-4,-66,141.52
4,-1,-1
0,-1,-1
3,-1,-1
2,-1,-1
-99,56,6.1119
111,0,183.78
-19,-101,72.579
3,-1,-1
6,-7,13.301
1,-1,-1
4,-1,-1
20,19,134.16
1,-1,-1
0,-1,-1
-99,-79,76.049
2,-4,188.06
1,-1,-1
4,-1,-1
1,-39,10.935
2,-1,-1
4,-1,-1
10,14,29.135
-6,-4,156.67
0,-1,-1
4,-1,-1
-5,-2,145.75
108,30,80.949
97,-64,8.9706
2,-1,-1
0,-1,-1
-32,-116,115.06
0,-1,-1
1,-1,-1
27,28,81.771
0,-1,-1
18,26,72.142
2,-1,-1
3,-1,-1
85,7,52.377
51,-90,31.831
14,6,46.925
-11,6,28.549
-47,-19,139.18
0,-1,-1
1,-1,-1
-127,-12,149.51
-2,1,167.69
3,-1,-1
-35,-46,31.638
0,-1,-1
1,-1,-1
12,-4,176.68
3,-1,-1
2,-1,-1
7,4,80.161
13,-118,161.14
-6,-34,92.573
55,-125,109.91
4,-1,-1
1,-1,-1
-10,27,5.9537
2,-1,-1
0,-1,-1
1,-126,197.86
8,71,49.117
3,-1,-1
0,-1,-1
19,12,119.48
1,-1,-1
4,-1,-1
-4,-100,30.604
-7,90,7.6206
2,-1,-1
-36,-158,86.089
4,-1,-1
2,-1,-1
-17,11,191.93
-29,15,44.912
0,-1,-1
1,-1,-1
2,-1,-1
10,-14,73.535
-5,-15,78.467
4,-1,-1
2,-1,-1
89,16,8.9293
2,-1,-1
4,-1,-1
-44,-137,16.254
-36,-107,93.33
3,-1,-1
4,-1,-1
1,-1,-1
29,-72,29.208
-2,-34,18.982
-118,139,34.425
-5,-70,90.146
-20,5,143.95
62,25,8.1837
1,-1,-1
35,-179,7.6696
0,-1,-1
1,-1,-1
1,-1,-1
4,-1,-1
17,-1,137.87
17,34,164.45
7,-6,101.51
31,20,149.02
4,-1,-1
105,29,158.47
1,-1,-1
4,-1,-1
2,-1,-1
-36,18,62.524
2,-1,-1
-13,6,152.5
1,-1,-1
0,-1,-1
35,54,68.653
1,-1,-1
8,4,68.323
4,-1,-1
0,-1,-1
12,7,35.904
109,13,31.389
30,-81,12.081
0,-1,-1
3,-1,-1
2,-1,-1
9,41,54.622
4,-1,-1
3,-1,-1
1,-108,110.47
35,24,178.29
-141,-117,107.07
37,8,36.466
-19,25,38.532
3,-1,-1
4,-1,-1
37,-135,64.226
1,-1,-1
2,-1,-1
4,-1,-1
3,-1,-1
-100,17,170.74
-7,-89,31.305
4,-1,-1
-40,2,129.64
2,-1,-1
4,-1,-1
136,12,90.073
0,-1,-1
2,-1,-1
49,-17,97.655
44,-24,13.054
20,-14,103.21
33,-29,185.71
3,-1,-1
-59,-7,39.492
2,-1,-1
0,-1,-1
-3,-2,112.62
34,21,182.6
3,-1,-1
43,65,78.218
0,-1,-1
3,-1,-1
3,-1,-1
71,12,16.778
-152,67,4.0173
1,-1,-1
0,-1,-1
1,-1,-1
2,11,30.849
102,73,12.031
19,-10,197.76
1,-1,-1
-86,20,98.994
0,-1,-1
1,-1,-1
0,-1,-1
132,112,160.29
9,25,47.159
0,-1,-1
1,-1,-1
1,-1,-1
-122,-3,172.27
-90,16,161.03
51,6,32.056
-8,22,71.689
30,-105,54.224
10,1,164.53
-41,117,90.645
103,22,98.644
0,-1,-1
3,-1,-1
3,-1,-1
124,6,194.48
3,-1,-1
0,-1,-1
3,-1,-1
3,-1,-1
3,-1,-1
4,-1,-1
-3,-15,139.11
1,-1,-1
0,-1,-1
-13,-47,50.407
37,3,0.23347
224,-2,20.143
-32,-14,23.688
13,-90,39.061
-130,96,9.9272
-8,85,11.293
24,20,99.629
13,3,17.995
22,-113,63.528
3,-1,-1
0,-1,-1
-14,35,48.653
4,-1,-1
0,-1,-1
59,56,11.668
50,33,47.601
3,-1,-1
4,-1,-1
2,-1,-1
5,-89,101.87
0,-1,-1
4,-1,-1
-15,-4,17.279
-100,35,110.5
10,-92,91.138
15,23,111.62
0,-1,-1
-106,129,76.863
0,-1,-1
4,-1,-1
4,-1,-1
4,-1,-1
30,-28,7.2459
0,-1,-1
31,5,43.116
89,-35,48.32
4,-1,-1
1,-1,-1
2,-1,-1
-13,12,109.48
19,57,9.7831
1,-1,-1
137,-2,51.188
3,-1,-1
45,-6,11.172
2,-1,-1
-5,9,103.95
0,-1,-1
3,-1,-1
91,32,123.2
2,-1,-1
23,-87,58.835
4,-1,-1
0,-1,-1
-119,28,31.114
14,-106,16.882
18,-100,6.9645
1,-1,-1
-20,-6,158.19
-17,26,7.7456
-30,-25,188.87
0,-1,-1
4,-1,-1
1,-1,-1
1,-1,-1
2,1,99.976
0,-1,-1
-5,-121,116.85
2,-1,-1
4,-1,-1
-117,0,130.08
0,-1,-1
-111,-32,158.41
4,-1,-1
3,-1,-1
3,30,16.334
15,32,2.7799
-102,17,0.49353
1,-1,-1
-12,92,7.3897
51,-50,9.5265
-14,-27,104.44
3,-1,-1
-11,22,48.753
1,-1,-1
2,-1,-1
4,-1,-1
55,-10,20.731
1,-1,-1
0,-1,-1
-6,-41,12.306
83,108,28.837
25,27,2.7391
1,-1,-1
3,-1,-1
-49,107,54.532
79,-25,146.85
3,-1,-1
1,-1,-1
86,-2,193.57
2,-1,-1
-31,-126,141.5
0,-1,-1
4,-1,-1
-13,-17,175.83
90,-177,45.027
1,-1,-1
0,-1,-1
66,4,119.91
0,-1,-1
1,-1,-1
14,54,3.3616
9,129,118.03
1,-122,89.921
-32,-37,25.94
0,-1,-1
3,-1,-1
1,-1,-1
12,25,94.878
-14,-18,173.96
0,-1,-1
1,-1,-1
1,-1,-1
88,-71,5.4738
-38,-87,10.397
-141,-3,166.21
93,7,171.27
6,-8,117.91
2,-1,-1
3,-1,-1
4,-1,-1
-42,-88,5.2952
3,-1,-1
4,-1,-1
1,-1,-1
23,14,104.18
-13,39,66.716
-3,52,12.147
-9,135,19.795
43,2,67.522
0,-1,-1
1,-1,-1
1,-1,-1
127,-50,56.894
4,-1,-1
0,-1,-1
3,-1,-1
21,-6,28.783
2,-1,-1
5,-119,76.671
0,-1,-1
4,-1,-1
-54,9,36.913
66,-131,104.11
-50,-25,52.067
126,130,49.209
-7,-3,27.015
-19,27,28.331
-6,-9,12.931
-13,21,21.683
141,-8,113.56
-130,-1,199.84
0,-1,-1
3,-1,-1
-1,-4,93.689
0,-1,-1
0,-1,-1
2,113,20.033
33,-5,191.51
0,-1,-1
1,-1,-1
-1,126,160.23
0,-1,-1
3,-1,-1
-33,-2,120.9
118,-3,32.347
116,12,117.89
0,-1,-1
1,-1,-1
-48,-48,36.962
4,-1,-1
0,-1,-1
-31,-12,41.601
-1,-122,83.53
3,-1,-1
4,-1,-1
-37,-9,8.6675
4,-1,-1
2,-1,-1
29,-107,116.75
-20,-24,102.98
-34,-5,49.005
-38,18,174.48
1,-1,-1
3,-1,-1
-19,-127,54.303
4,-1,-1
1,-1,-1
-2,-98,43.824
-138,-67,8.9107
4,-1,-1
2,-1,-1
3,-1,-1
-4,-1,19.927
-15,-125,96.042
128,-6,151.76
0,-1,-1
3,-1,-1
1,-1,-1
19,-3,72.065
-19,10,77.554
3,-1,-1
4,-1,-1
1,-1,-1
-101,-5,36.728
-88,30,76.786
76,-5,76.518
-31,82,87.304
-34,27,57.449
4,-1,-1
1,-1,-1
-23,6,147.2
0,-1,-1
2,-1,-1
4,-37,36.72
129,-17,50.063
4,-1,-1
3,-1,-1
1,-1,-1
-19,2,63.215
-138,-99,68.953
-6,-107,9.7654
4,-1,-1
3,-1,-1
9,-8,111.19
3,-1,-1
2,-1,-1
-15,31,192.9
35,17,186.01
4,-1,-1
2,-1,-1
2,-1,-1
-36,135,116.2
107,23,114.83
-29,-19,30.333
9,-150,109.69
4,-1,-1
1,-1,-1
-27,-5,105.1
0,-1,-1
4,-1,-1
-1,-2,54.082
-101,-128,180.28
4,-1,-1
0,-1,-1
-29,3,41.808
1,-1,-1
4,-1,-1
118,-8,164.27
27,109,121.98
-30,18,60.287
3,-1,-1
4,-1,-1
1,-1,-1
-132,-9,109.52
49,7,11.997
3,-1,-1
1,-1,-1
1,-1,-1
-39,28,17.665
147,-1,15.463
66,-14,36.149
-91,-111,65.724
-57,-7,102.95
36,21,19.856
2,-1,-1
4,-1,-1
76,108,48.077
1,-1,-1
4,-1,-1
-25,28,40.314
-22,-105,14.094
4,-1,-1
3,-1,-1
-16,4,115.04
3,-1,-1
1,-1,-1
-7,87,17.215
-84,8,37.189
6,-7,20.604
0,-1,-1
3,-1,-1
1,-1,-1
-40,-145,77.052
1,-1,-1
0,-1,-1
39,60,0.92173
45,14,73.741
38,-125,45.137
-96,-85,26.924
1,-1,-1
4,-1,-1
-93,23,94.444
1,-1,-1
1,-1,-1
3,-19,36.876
174,47,190.25
1,-1,-1
4,-1,-1
11,-62,6.9875
2,-1,-1
3,-1,-1
-44,2,24.031
7,-7,17.377
58,4,66.251
4,-1,-1
1,-1,-1
-28,-112,53.936
2,-1,-1
1,-1,-1
10,-20,64.447
96,24,29.184
3,-1,-1
4,-1,-1
46,-118,34.652
1,-1,-1
2,-1,-1
-88,37,91.609
-51,22,76.156
144,10,113.56
-114,17,97.716
-9,13,31.264
4,-1,-1
4,-1,-1
-34,-107,55.483
1,-1,-1
2,-1,-1
47,44,76.752
-36,16,128.97
1,-1,-1
2,-1,-1
-10,20,70.828
3,-1,-1
2,-1,-1
-1,-4,94.19
-72,9,22.096
0,-2,177.03
0,-1,-1
1,-1,-1
3,-1,-1
-10,-152,164.1
1,-1,-1
4,-1,-1
9,4,13.072
3,-1,-1
116,23,94.933
-81,-112,17.253
0,-1,-1
-9,17,3.1859
1,-1,-1
2,-1,-1
-12,-10,151.07
1,-1,-1
4,-1,-1
90,-42,135.96
68,1,92.046
78,-9,78.569
102,-47,35.303
7,7,104.16
-64,-14,26.944
-28,-31,151.06
4,-1,-1
0,-1,-1
0,-1,-1
73,-9,0.11022
2,-1,-1
-31,2,186.44
4,-1,-1
4,-1,-1
89,-40,30.86
11,1,103.88
7,1,122.46
0,-1,-1
3,-1,-1
-14,-146,86.856
3,-1,-1
0,-1,-1
6,-4,50.514
0,-1,-1
90,77,12.068
4,-1,-1
2,-1,-1
-125,5,45.429
-30,-12,8.9529
-147,-22,22.401
3,-1,-1
4,-1,-1
-1,-52,2.685
-25,80,140.27
4,-1,-1
2,-1,-1
-126,129,135.92
0,-1,-1
0,-1,-1
-43,-3,37.787
-170,83,45.643
-23,14,72.183
4,-1,-1
4,-1,-1
109,109,105.52
2,-1,-1
0,-1,-1
-48,128,38.837
-33,85,15.09
4,-1,-1
2,-1,-1
-4,-31,64.856
2,-1,-1
4,-1,-1
-43,-38,81.419
129,-9,26.329
0,-1,-1
1,-1,-1
-34,-20,10.801
0,-1,-1
3,-1,-1
-120,3,66.684
-126,-8,74.226
12,-116,88.552
147,-2,35.498
-12,-33,85.768
0,-1,-1
76,94,188.14
0,-1,-1
4,-1,-1
4,-1,-1
2,-1,-1
-34,-1,16.324
132,-19,164.71
0,-1,-1
14,-14,76.869
-5,-93,48.377
0,-1,-1
2,-1,-1
3,-1,-1
-74,-14,180.16
65,-25,30.125
54,-14,155.74
2,-1,-1
0,-1,-1
-27,-37,135.59
0,-1,-1
2,-1,-1
109,-36,21.622
0,-1,-1
4,-1,-1
-41,-3,41.334
-6,-31,129.06
-49,-2,137.15
-52,86,192.48
-5,107,122.59
4,-1,-1
0,-1,-1
0,-1,-1
2,-1,-1
-25,-23,34.946
0,-1,-1
2,-1,-1
2,-1,-1
-142,97,96.166
40,-22,122.25
121,-30,22.065
70,-15,40.038
65,32,30.802
113,-30,167.87
8,-98,78.942
206,-19,147.3
3,-1,-1
3,-1,-1
-13,23,9.9729
1,-1,-1
4,-1,-1
1,-1,-1
-87,15,85.576
77,-47,3.2157
2,30,10.71
3,-1,-1
0,-1,-1
4,-1,-1
0,-1,-1
-14,-7,32.098
-87,-19,5.4401
0,-1,-1
1,-1,-1
4,-1,-1
-159,-17,28.089
0,-1,-1
1,-1,-1
136,-9,147.16
1,-1,-1
-74,-26,103.51
4,-1,-1
0,-1,-1
-54,107,41.896
-22,57,123.63
1,-1,-1
-28,-36,141.36
0,-1,-1
1,-1,-1
-99,75,5.31
4,-1,-1
0,-1,-1
-14,-21,140.62
-11,-14,42.828
-112,-11,60.447
-35,31,43.417
-13,-17,53.01
-55,-3,91.071
-36,36,98.842
71,-86,54.924
-52,-14,31.309
3,-1,-1
3,-1,-1
59,-85,184.16
4,-1,-1
0,-1,-1
-60,-24,10.548
0,-1,-1
4,-1,-1
-72,25,74.944
-33,-9,134.44
-65,96,50.58
1,-1,-1
0,-1,-1
-50,-25,20.998
4,-1,-1
2,-1,-1
-30,0,83.07
3,-1,-1
1,-1,-1
24,17,88.956
1,-1,-1
3,-1,-1
88,-24,30.988
4,12,38.64
85,-131,191.78
-9,7,64.389
3,-1,-1
0,-1,-1
54,35,181.41
1,-1,-1
4,-1,-1
4,-1,-1
95,34,141.22
3,-1,-1
0,-1,-1
-16,-4,12.54
7,-11,73.766
79,23,59.812
4,-1,-1
0,-1,-1
0,-1,-1
1,-1,-1
-39,232,124.1
2,37,31.103
-58,-3,163.17
-63,0,57.117
3,-5,167.48
-47,-81,4.1016
0,-1,-1
-83,-12,3.1841
0,-1,-1
1,-1,-1
-55,56,12.826
1,-1,-1
4,-1,-1
-10,-125,51.269
-1,-18,155.2
1,-1,-1
4,-1,-1
3,-1,-1
88,-121,38.947
0,-1,-1
-66,-15,160.8
4,-1,-1
0,-1,-1
-36,-155,127.72
-58,-4,10.665
-3,-7,174.42
4,-1,-1
2,-1,-1
4,-1,-1
3,-1,-1
60,1,9.5875
7,26,62.54
9,6,11.366
0,-1,-1
-110,108,68.456
3,-1,-1
1,-1,-1
31,154,14.118
2,-1,-1
0,-1,-1
93,38,42.299
3,-1,-1
52,6,182.85
97,27,75.547
0,-1,-1
4,-1,-1
3,-1,-1
22,12,63.468
76,118,72.111
-41,-35,198.34
58,0,126.69
1,-1,-1
69,7,164.03
0,-1,-1
1,-1,-1
74,-15,60.158
4,-1,-1
2,-1,-1
-31,40,22.649
-1,114,45.91
-67,-17,95.323
2,-1,-1
0,-1,-1
4,-1,-1
-20,-26,90.511
1,-1,-1
0,-1,-1
3,-1,-1
-18,-9,15.815
-18,124,149.85
14,3,65.954
114,132,175.69
13,0,199.75
-47,-4,130.72
42,137,55.265
0,-1,-1
4,-1,-1
4,-1,-1
0,1,132.54
48,10,55.591
0,-1,-1
2,-1,-1
29,-31,83.955
2,-1,-1
3,-1,-1
5,-34,76.297
3,-78,14.408
2,-1,-1
1,-1,-1
4,-1,-1
-1,1,123.47
13,8,57.491
0,-1,-1
-109,-29,38.928
12,-2,186.83
4,-1,-1
3,-1,-1
0,-1,-1
12,58,12.95
-7,122,152.26
0,-1,-1
-5,18,62.868
4,-1,-1
2,-1,-1
3,-1,-1
-28,-22,69.02
27,131,56.4
1,-1,-1
22,-36,5.29
3,-1,-1
41,8,1.5192
2,-1,-1
4,-1,-1
-33,-36,49.54
2,-1,-1
4,-1,-1
25,-36,26.255
100,97,57.377
2,-19,16.885
-37,23,31.728
109,0,36.316
-30,93,116.37
98,9,130.48
-34,97,10.976
1,-1,-1
4,-1,-1
3,-1,-1
-1,84,26.587
2,-1,-1
0,-1,-1
-20,-58,52.301
2,-1,-1
3,-1,-1
-12,27,175.7
27,-33,19.072
1,-1,-1
0,-1,-1
7,16,90.833
0,-1,-1
4,-1,-1
149,-9,51.753
-27,67,12.933
7,-9,113.25
11,-27,161.13
9,4,58.764
-15,-110,57.892
0,-1,-1
4,-1,-1
-16,-87,10.769
4,-1,-1
0,-1,-1
-2,-18,37.201
2,-1,-1
1,-1,-1
2,-1,-1
18,-6,121.89
0,-1,-1
4,-1,-1
6,-42,79.137
-26,-24,66.205
-28,-168,15.362
11,-105,97.859
128,46,80.405
3,-1,-1
2,-1,-1
-64,-61,6.5471
0,-1,-1
3,-1,-1
0,-1,-1
6,4,114.32
106,-18,114.28
0,-1,-1
16,31,9.133
0,-1,-1
3,-1,-1
-26,-41,103.7
-20,-29,117.14
2,-1,-1
4,-1,-1
3,-1,-1
-69,14,4.0468
-32,-7,35.739
0,-1,-1
1,-1,-1
140,-30,86.751
4,-1,-1
96,0,5.5648
1,-1,-1
0,-1,-1
20,2,46.745
142,3,63.703
-125,2,59.997
-71,18,71.282
39,4,67.022
0,-1,-1
6,-43,128.52
0,-1,-1
2,-1,-1
2,-1,-1
12,-37,111.49
6,131,58.75
67,29,4.881
-20,94,16.661
4,-1,-1
94,82,79.687
1,-1,-1
0,-1,-1
-3,-87,18.554
-34,-93,2.9972
2,-1,-1
0,-1,-1
110,82,187.46
2,-1,-1
0,-1,-1
-31,-22,148.04
0,27,107.58
4,-1,-1
0,-1,-1
3,-28,22.12
-3,-1,80.167
4,-1,-1
0,-1,-1
-107,-33,118.85
2,-1,-1
1,-1,-1
8,15,2.3588
1,-1,-1
0,-27,70.093
0,-1,-1
4,-1,-1
-42,85,10.558
10,-46,152.25
2,-1,-1
1,-1,-1
-37,118,23.792
4,-1,-1
-63,-31,37.966
2,-1,-1
4,-1,-1
-23,-18,113.16
122,3,70.177
-9,79,90.338
46,43,11.243
0,-1,-1
2,-1,-1
21,-40,33.616
-17,-29,12.224
0,-1,-1
93,-60,72.611
2,-1,-1
0,-1,-1
4,-1,-1
-25,-19,13.318
-34,-7,127.16
4,-1,-1
1,-1,-1
-46,92,108.42
45,-106,3.2266
-4,-52,158.47
4,-1,-1
2,-1,-1
2,-1,-1
-23,2,103.22
4,-1,-1
95,77,84.545
0,-1,-1
2,-1,-1
-34,-21,36.793
-126,2,149.41
-4,82,5.0549
0,-1,-1
4,-1,-1
2,-1,-1
2,-1,-1
-43,-139,42.984
-30,-33,27.179
-27,106,69.996
0,-32,148.9
4,87,35.355
-118,-38,122.91
1,-1,-1
2,-1,-1
0,-1,-1
-28,66,69.761
98,-22,18.845
1,-1,-1
83,-24,121.41
1,-1,-1
0,-1,-1
4,-1,-1
-21,90,5.4424
-6,84,172.76
0,-1,-1
3,-1,-1
-74,55,14.029
0,-1,-1
2,-1,-1
-30,-9,79.522
-2,88,152.71
4,-1,-1
0,-1,-1
-112,-26,157.41
1,-1,-1
0,-1,-1
16,-38,178.56
1,-1,-1
-6,1,162.66
-28,-42,32.591
1,-1,-1
0,-1,-1
1,-1,-1
