120,105,1
68,11,112
-65,-1,1
49,-97,112
58,41,110
70,-67,102
0,-1,-1
70,12,103
0,-1,-1
-175,42,39
0,-1,-1
1,-1,-1
-64,-115,105
0,-1,-1
1,-1,-1
52,37,95
0,-1,-1
157,-127,58
-56,-49,55
1,-1,-1
0,-1,-1
0,-1,-1
-24,-31,1
56,33,109
-1,-60,1
9,33,106
0,-1,-1
-13,15,99
0,-1,-1
-6,-75,64
1,-1,-1
0,-1,-1
38,-51,22
0,-1,-1
34,-49,75
45,33,17
0,-1,-1
25,-14,1
0,-1,-1
7,-102,2
-60,-79,99
0,-1,-1
1,-1,-1
3,63,79
2,-8,12
7,62,16
0,-1,-1
1,-1,-1
-35,-9,28
-23,-51,7
0,-1,-1
1,-1,-1
-33,90,52
0,-1,-1
1,-1,-1
0,-1,-1
48,144,110
0,-1,-1
-54,70,112
0,-1,-1
1,-1,-1
-8,84,2
37,3,120
0,-1,-1
-60,-13,31
1,-1,-1
0,-1,-1
-49,-32,63
37,23,5
0,-1,-1
1,-1,-1
0,-1,-1
85,37,1
-71,5,109
0,-1,-1
85,-16,11
1,-1,-1
0,-1,-1
-107,-81,41
-105,53,2
-36,-59,113
86,-69,111
78,-69,108
-27,61,115
-187,65,103
0,-1,-1
21,110,10
0,-1,-1
-83,6,38
1,-1,-1
0,-1,-1
-54,50,47
1,-1,-1
0,-1,-1
-44,17,65
142,-71,34
1,-1,-1
0,-1,-1
0,-1,-1
-62,-38,84
-62,-16,93
1,-1,-1
0,-1,-1
0,-1,-1
36,85,11
0,-1,-1
32,16,66
1,-1,-1
0,-1,-1
57,79,8
99,-27,17
14,-36,18
0,-1,-1
75,-3,8
0,-1,-1
55,-8,21
51,-6,109
0,-1,-1
1,-1,-1
1,-1,-1
-57,6,119
0,-1,-1
1,-1,-1
-102,-23,49
39,81,25
-55,78,78
-74,11,27
0,-1,-1
1,-1,-1
0,-1,-1
24,-76,42
-53,-101,5
-38,43,109
0,-1,-1
1,-1,-1
12,0,6
7,-2,31
-12,-26,65
1,-1,-1
-43,21,127
1,-1,-1
0,-1,-1
0,-1,-1
3,124,14
-10,30,73
-81,18,43
-42,-15,36
133,1,15
1,-1,-1
7,-34,69
1,-1,-1
0,-1,-1
-90,32,111
1,-1,-1
0,-1,-1
1,-1,-1
0,-1,-1
-152,-49,20
-40,93,27
1,-1,-1
-19,18,14
0,-1,-1
1,-1,-1
3,27,23
-22,69,71
1,-1,-1
0,-1,-1
30,32,48
29,4,84
15,23,28
0,-1,-1
-97,-103,69
0,-1,-1
1,-1,-1
1,-1,-1
0,-1,-1
-45,-61,106
0,-1,-1
1,-1,-1
61,-28,67
119,34,24
0,-1,-1
41,30,52
1,-1,-1
27,32,105
0,-1,-1
-11,80,39
1,-1,-1
0,-1,-1
46,-20,54
-39,7,79
0,-1,-1
1,-1,-1
0,-1,-1
26,35,40
-22,5,112
-60,147,109
31,10,124
0,-1,-1
17,10,10
0,-1,-1
1,-1,-1
-80,-21,111
0,-1,-1
114,-61,77
1,-1,-1
0,-1,-1
-5,67,21
0,-1,-1
1,-1,-1
0,-1,-1
19,88,45
47,-50,2
35,-30,94
0,-1,-1
-63,27,45
1,-1,-1
0,-1,-1
20,-9,59
-73,5,11
10,-24,1
0,-1,-1
123,54,1
0,-1,-1
1,-1,-1
-97,63,43
-50,21,14
19,-108,2
0,-1,-1
1,-1,-1
-4,2,20
-88,74,1
-50,-51,14
1,-1,-1
0,-1,-1
1,-1,-1
21,-69,19
0,-1,-1
-127,-75,42
-41,37,29
56,105,118
0,-1,-1
1,-1,-1
1,-1,-1
-41,45,19
1,-1,-1
0,-1,-1
-79,57,77
72,-2,19
69,-4,1
0,-1,-1
1,-1,-1
1,-1,-1
-40,-43,21
-100,-61,93
0,-1,-1
1,-1,-1
0,-1,-1
16,-18,68
63,74,80
18,-80,2
0,-1,-1
1,-1,-1
-122,-51,24
0,-1,-1
1,-1,-1
0,-1,-1
76,60,41
1,-91,1
0,-1,-1
-7,17,21
19,-169,36
30,-62,5
0,-1,-1
1,-1,-1
0,-1,-1
15,-30,115
1,-1,-1
24,23,119
1,-1,-1
0,-1,-1
-38,18,73
-17,60,90
0,-1,-1
7,106,28
1,-1,-1
0,-1,-1
0,-1,-1
26,-41,43
68,19,20
77,9,2
-12,7,109
30,28,114
-38,152,1
149,46,105
0,-1,-1
27,-79,100
0,-1,-1
1,-1,-1
-9,-4,2
58,34,97
0,-1,-1
-72,25,108
46,142,118
0,-1,-1
1,-1,-1
1,-1,-1
-55,63,12
18,11,107
0,-1,-1
1,-1,-1
80,-3,50
26,-29,5
0,-1,-1
11,-75,18
-6,-42,24
1,-1,-1
0,-1,-1
-80,-55,24
-2,15,22
1,-1,-1
0,-1,-1
1,-1,-1
0,-1,-1
33,29,63
0,-1,-1
-6,-55,34
-63,45,120
-90,35,111
-74,10,9
0,-1,-1
1,-1,-1
1,-1,-1
0,-1,-1
0,-1,-1
-69,-105,1
127,15,104
0,-1,-1
33,-22,29
0,-1,-1
1,-1,-1
70,-7,17
20,-20,34
1,-1,-1
0,-1,-1
9,62,86
0,-1,-1
1,-1,-1
34,-76,15
58,-89,108
-22,-64,90
61,48,7
0,-1,-1
-53,-2,65
-49,63,111
-20,10,68
0,12,1
0,-1,-1
107,-54,22
97,-11,100
0,-1,-1
1,-1,-1
-96,-29,20
0,-1,-1
32,-161,31
1,-1,-1
-26,-13,7
1,-1,-1
0,-1,-1
-21,156,43
0,-1,-1
-26,34,77
-156,-104,41
0,-1,-1
1,-1,-1
0,-1,-1
-62,1,15
0,-1,-1
1,-1,-1
134,-71,94
0,-1,-1
9,34,77
0,-1,-1
1,-1,-1
52,-27,16
0,-1,-1
-35,-9,55
-49,32,38
1,-1,-1
-77,-1,25
0,-1,-1
1,-1,-1
0,-1,-1
-105,-35,23
0,-1,-1
10,34,22
1,-1,-1
0,-1,-1
-45,-42,7
-57,19,25
-71,18,106
0,-1,-1
1,-1,-1
66,65,6
0,-1,-1
18,-59,7
0,-1,-1
1,-1,-1
-178,101,42
-51,97,22
-65,72,23
-7,13,100
79,-27,16
-59,90,91
0,-1,-1
93,-83,99
1,-1,-1
0,-1,-1
-29,-17,56
79,-49,15
-85,-91,41
1,-1,-1
0,-1,-1
2,24,103
-52,77,76
0,-1,-1
-55,30,59
1,-1,-1
0,-1,-1
1,-1,-1
60,35,13
-33,28,15
1,-1,-1
0,-1,-1
1,-1,-1
48,10,11
-162,-1,106
0,-1,-1
1,-1,-1
-48,-64,15
0,-1,-1
-52,-6,59
1,-1,-1
0,-1,-1
72,-101,23
-144,15,115
97,9,107
0,-1,-1
1,-1,-1
120,29,37
0,-1,-1
1,-1,-1
63,-51,82
-45,-28,26
1,-1,-1
-16,34,66
35,-38,51
-87,-28,90
1,-1,-1
87,3,27
1,-1,-1
0,-1,-1
-48,61,8
1,-1,-1
0,-1,-1
1,-1,-1
-39,-110,7
1,-1,-1
0,-1,-1
-99,78,24
-51,29,1
0,-1,-1
45,-51,20
0,-1,-1
52,109,61
-12,12,3
1,-1,-1
124,25,24
106,17,88
-43,-2,27
87,15,8
1,-1,-1
0,-1,-1
1,-1,-1
1,-1,-1
1,-1,-1
72,-25,79
1,-1,-1
0,-1,-1
-98,-47,34
1,0,53
88,73,26
117,-41,46
14,58,13
0,-1,-1
2,3,6
-192,-72,17
0,-1,-1
113,-13,5
-14,-22,19
1,-1,-1
38,70,110
0,-1,-1
1,-1,-1
1,-1,-1
-25,-79,48
-1,-7,24
1,-1,-1
191,-13,85
0,-1,-1
1,-1,-1
0,-1,-1
1,-1,-1
-15,-7,103
-3,2,4
-72,-42,3
-15,132,108
0,-1,-1
1,-1,-1
5,-4,11
1,-1,-1
-14,5,47
-4,-76,3
-82,-86,96
1,-1,-1
181,58,31
-47,8,1
1,-1,-1
0,-1,-1
-42,-11,40
1,-1,-1
0,-1,-1
101,-22,21
1,-1,-1
-24,27,95
-8,0,3
1,-1,-1
1,-1,-1
1,-1,-1
1,-1,-1
1,-2,27
17,53,32
37,59,50
73,-9,5
-50,-21,23
1,-1,-1
-19,127,3
1,-1,-1
35,40,92
0,-1,-1
1,-1,-1
14,-3,27
-43,44,49
-33,72,31
1,-1,-1
1,-1,-1
0,-1,-1
1,-1,-1
1,-1,-1
-113,36,92
1,-1,-1
27,-48,33
1,-1,-1
-24,-86,101
0,-1,-1
1,-1,-1
-9,-83,31
56,-7,110
-77,34,34
9,-2,18
0,-1,-1
1,-1,-1
0,-1,-1
1,-1,-1
103,-3,34
1,-1,-1
0,-1,-1
-116,36,20
19,-18,30
1,-1,-1
-30,37,49
0,-1,-1
1,-1,-1
1,-1,-1
0,-1,-1
54,25,1
131,19,105
0,-1,-1
1,-1,-1
14,-21,41
-14,-10,79
-36,20,3
-35,-5,63
-16,-10,13
1,-1,-1
48,24,62
-13,-62,8
1,-1,-1
0,-1,-1
1,-1,-1
-52,-62,68
1,-1,-1
0,-1,-1
7,-12,6
29,-103,95
1,-1,-1
0,-1,-1
-1,-1,9
16,47,12
-96,-60,125
1,-1,-1
0,-1,-1
4,-1,17
-78,-19,6
1,-1,-1
-79,-33,27
0,-1,-1
-40,7,34
1,-1,-1
1,-1,-1
33,-83,80
53,-68,119
77,79,66
0,-1,-1
1,-1,-1
-12,-16,16
0,-1,-1
1,-1,-1
43,26,37
38,39,66
1,-1,-1
0,-1,-1
1,-1,-1
-53,12,41
38,-79,85
-151,18,83
0,-1,-1
-99,-33,37
0,-1,-1
1,-1,-1
82,9,34
-34,-125,39
1,-1,-1
0,-1,-1
0,-1,-1
1,-1,-1
1,-1,-1
-40,16,17
0,-1,-1
1,-1,-1
-33,111,36
-94,-42,39
-53,43,1
0,-1,-1
-50,67,42
-97,-26,76
1,-1,-1
123,36,48
0,-1,-1
1,-1,-1
-93,103,22
-77,73,72
0,-1,-1
1,-1,-1
129,0,41
-21,29,8
-9,93,59
31,153,76
8,25,101
1,-1,-1
0,-1,-1
0,-1,-1
102,-44,70
1,-1,-1
0,-1,-1
46,23,33
1,-1,-1
0,-1,-1
0,-1,-1
-80,-66,111
0,-1,-1
-22,35,10
-46,-34,43
-72,27,97
0,-1,-1
1,-1,-1
1,-1,-1
0,-1,-1
-20,-44,39
55,-93,9
0,-1,-1
-25,20,7
1,-1,-1
-58,-152,11
52,46,6
0,-1,-1
1,-1,-1
0,-1,-1
-109,-79,27
86,9,42
-9,-22,38
74,-98,76
0,-1,-1
1,-1,-1
0,-1,-1
0,-1,-1
113,103,20
52,-100,13
1,-1,-1
0,-1,-1
0,-1,-1
-19,-25,62
1,61,1
17,49,1
-67,-54,111
18,-87,1
0,-1,-1
67,82,104
-80,-85,95
0,-1,-1
12,-56,2
0,-1,-1
1,-1,-1
1,-1,-1
-46,-71,24
0,-1,-1
38,-63,41
1,-1,-1
0,-1,-1
28,94,2
-40,-14,103
0,-1,-1
1,-1,-1
-86,-59,1
-65,-186,103
0,-1,-1
1,-1,-1
-98,37,79
-8,-18,19
120,-13,31
1,-1,-1
-24,95,72
1,-1,-1
0,-1,-1
47,-79,24
0,-1,-1
-67,-52,79
-73,23,90
70,23,50
39,-34,40
37,83,35
1,-1,-1
0,-1,-1
0,-1,-1
23,-13,3
1,-1,-1
-87,-77,13
1,-1,-1
0,-1,-1
1,-1,-1
56,95,42
1,-1,-1
143,-5,36
-44,-97,56
1,-1,-1
51,38,117
1,-1,-1
-48,-15,35
0,-1,-1
1,-1,-1
0,-1,-1
109,-2,14
24,37,61
1,-1,-1
0,-1,-1
0,-1,-1
34,-48,26
-39,50,24
31,86,3
0,-1,-1
-24,32,22
8,137,9
-11,-54,117
-81,-7,93
0,-1,-1
-28,-155,16
1,-1,-1
0,-1,-1
1,-1,-1
-42,66,22
57,-24,59
116,-4,38
127,130,116
-50,102,7
42,132,50
1,-1,-1
0,-1,-1
-125,-86,38
33,24,121
0,-1,-1
-59,24,55
0,-1,-1
1,-1,-1
-50,34,82
1,-1,-1
0,-1,-1
1,-1,-1
-34,28,99
18,-50,29
0,-1,-1
1,-1,-1
1,-1,-1
19,84,11
0,-1,-1
49,-126,101
-10,8,33
29,-29,68
0,-1,-1
1,-1,-1
1,-1,-1
17,82,80
1,-1,-1
0,-1,-1
-26,-29,23
91,-51,19
-67,107,21
1,-1,-1
0,-1,-1
-59,37,107
0,-1,-1
94,36,53
-67,87,106
0,-1,-1
1,-1,-1
0,-1,-1
-43,-39,49
-22,18,8
-180,-90,89
-29,-98,14
0,-1,-1
1,-1,-1
1,-1,-1
1,-1,-1
-50,153,103
0,-1,-1
1,-1,-1
-28,31,28
0,-3,9
-107,13,21
-58,-67,117
42,-1,20
-103,-71,13
1,-1,-1
0,-1,-1
0,-1,-1
1,-1,-1
-122,21,20
-89,14,60
0,-1,-1
-33,105,4
-56,-17,82
0,-1,-1
1,-1,-1
1,-1,-1
3,-3,11
1,-1,-1
-43,-16,19
1,-1,-1
-38,-42,12
1,-1,-1
0,-1,-1
53,17,93
55,140,30
-35,-41,77
-10,33,10
1,-1,-1
23,-34,97
88,33,105
0,-1,-1
1,-1,-1
1,-1,-1
1,-1,-1
0,-1,-1
1,-1,-1
-12,32,39
-57,21,116
-72,21,103
-35,61,69
0,-1,-1
6,71,33
1,-1,-1
0,-1,-1
81,28,121
1,-1,-1
0,-1,-1
1,-1,-1
0,-1,-1
51,-23,22
33,49,22
27,-71,6
0,-1,-1
14,-7,17
0,-1,-1
1,-19,64
-54,-65,124
120,26,20
0,-1,-1
-6,77,98
-59,-47,14
1,-1,-1
0,-1,-1
1,-1,-1
2,-42,22
1,-1,-1
0,-1,-1
23,-39,36
80,13,22
0,-1,-1
1,-1,-1
0,-1,-1
4,47,38
-38,-76,36
18,-25,55
-5,49,10
0,-1,-1
-28,44,79
-72,92,1
25,-36,63
0,-1,-1
1,-1,-1
18,-127,64
1,-1,-1
0,-1,-1
0,-1,-1
0,-1,-1
0,-1,-1
0,-1,-1
-4,-14,35
-1,0,2
40,-96,2
-74,-45,48
-49,-67,12
0,-1,-1
1,-3,18
1,-1,-1
-7,-111,9
0,-1,-1
1,-1,-1
0,-1,-1
43,-74,67
-38,24,28
1,128,8
-1,31,39
13,6,9
1,-1,-1
51,0,91
49,17,88
4,-130,18
-99,10,18
54,11,9
1,-1,-1
0,-1,-1
-22,5,97
1,-1,-1
1,-1,-1
118,32,10
105,99,59
1,-1,-1
0,-1,-1
1,-32,50
0,-1,-1
1,-1,-1
1,-1,-1
1,-1,-1
0,-1,-1
72,-50,115
0,-1,-1
1,-1,-1
14,16,35
-4,-20,49
-153,30,25
104,40,117
-7,2,1
0,-1,-1
1,-1,-1
0,-1,-1
1,-1,-1
10,0,4
1,-1,-1
-2,-13,8
1,-1,-1
0,-1,-1
-51,36,23
0,-1,-1
-10,-6,69
1,-1,-1
0,-1,-1
-36,-139,78
25,90,23
-81,-75,67
1,-1,-1
0,-1,-1
133,-5,11
1,-1,-1
21,67,60
41,60,38
1,-1,-1
35,13,98
0,-1,-1
1,-1,-1
0,-1,-1
-49,109,20
55,-44,27
1,-1,-1
0,-1,-1
0,-1,-1
56,-119,27
1,-1,9
87,-33,15
1,-1,-1
60,-105,94
3,-7,25
-2,-2,14
68,16,49
13,18,21
6,-29,10
0,-1,-1
91,61,65
77,36,98
1,-1,-1
0,-1,-1
-16,-93,29
0,-1,-1
1,-1,-1
-67,-84,36
0,-1,-1
1,-1,-1
1,-1,-1
-137,26,42
115,59,99
74,-46,36
-10,-90,96
-15,47,86
0,-1,-1
1,-1,-1
1,-1,-1
-15,35,18
1,-1,-1
-12,71,72
0,-1,-1
1,-1,-1
0,-1,-1
1,-1,-1
16,13,6
1,-1,-1
3,65,24
0,-1,-1
-47,26,45
-30,-96,94
62,15,43
1,-1,-1
0,-1,-1
0,-1,-1
0,-1,-1
-50,-88,63
1,-1,-1
54,-15,110
-23,49,48
1,-1,-1
0,-1,-1
0,-1,-1
-65,-40,86
15,9,85
-33,41,102
0,-1,-1
-47,25,60
-6,77,102
60,-5,13
0,-1,-1
1,-1,-1
0,-1,-1
0,-1,-1
9,-148,17
0,-1,-1
1,-1,-1
60,61,46
1,-1,-1
39,-42,54
0,-1,-1
1,-1,-1
35,-76,45
-2,121,7
30,45,42
1,-3,12
37,-12,32
-44,-17,100
84,-97,114
1,-1,-1
-16,-39,86
0,-1,-1
1,-1,-1
-34,-20,87
-31,-7,112
1,-1,-1
0,-1,-1
0,-1,-1
1,-1,-1
-23,-165,115
-81,-85,103
1,-1,-1
0,-1,-1
0,-1,-1
0,-1,-1
-79,-105,38
-31,44,11
0,-1,-1
11,1,29
-11,-101,20
-24,84,81
99,90,72
-23,-19,112
0,-1,-1
1,-1,-1
90,55,41
-75,-66,57
0,-1,-1
1,-1,-1
1,-1,-1
74,36,83
8,-43,64
1,-1,-1
0,-1,-1
-46,-28,50
1,-1,-1
86,-17,45
0,-1,-1
1,-1,-1
1,-1,-1
-74,182,32
34,118,31
-9,164,7
1,-1,-1
0,-1,-1
1,-1,-1
1,-1,-1
-30,31,40
54,0,114
-126,122,13
-61,98,119
1,-1,-1
0,-1,-1
0,-1,-1
1,-1,-1
0,-1,-1
-96,55,62
87,-78,39
1,-1,-1
0,-1,-1
0,-1,-1
53,-12,39
130,14,36
-25,-41,45
-81,-6,23
0,-1,-1
-101,62,22
-53,170,39
49,-87,12
1,-1,-1
0,-1,-1
1,-1,-1
64,46,13
0,-1,-1
1,-1,-1
123,1,4
-41,-95,80
1,-1,-1
-6,7,71
63,57,52
1,-1,-1
0,-1,-1
0,-1,-1
-113,-11,50
88,-85,68
81,-42,116
-32,-24,69
0,-1,-1
-53,-14,62
1,-1,-1
0,-1,-1
1,-1,-1
1,-1,-1
0,-1,-1
0,-1,-1
-4,70,9
-59,-38,119
0,-1,-1
-51,-62,72
0,-1,-1
1,-1,-1
0,-1,-1
32,86,41
2,-9,20
-11,-20,26
60,55,26
-120,48,25
37,110,107
-40,3,116
0,-1,-1
1,-1,-1
57,2,3
0,-1,-1
1,-1,-1
73,64,1
44,-69,8
0,-1,-1
1,-1,-1
-3,0,26
-2,0,8
1,-1,-1
-18,74,46
0,-1,-1
1,-1,-1
-103,58,47
-20,32,58
1,-1,-1
83,10,69
38,114,33
0,-1,-1
1,-1,-1
1,-1,-1
0,-1,-1
132,-4,16
-7,-2,25
155,-80,47
-4,0,44
-30,-10,23
58,-9,31
-11,-1,22
-33,-95,18
-58,-7,26
-59,2,71
0,-1,-1
1,-1,-1
1,-1,-1
-67,34,90
12,32,17
1,-1,-1
7,0,22
1,-1,-1
1,-1,-1
1,-1,-1
27,-31,7
1,-1,-1
17,14,14
0,-1,-1
1,-1,-1
-86,22,21
46,113,82
7,4,45
1,-1,-1
0,-1,-1
24,1,14
0,-1,-1
1,-1,-1
-1,-11,30
1,-1,-1
-1,9,25
1,-1,-1
35,-10,93
0,-1,-1
1,-1,-1
-111,0,92
1,-1,-1
24,9,21
89,44,53
0,-1,-1
1,-1,-1
1,-1,-1
74,53,32
0,-1,-1
28,-44,18
-61,-61,75
0,-1,-1
1,-1,-1
1,-1,-1
25,20,68
1,-1,-1
38,71,57
1,-1,-1
0,-1,-1
32,-40,29
126,-4,6
-75,107,32
-60,-8,108
90,-57,32
1,-1,-1
-5,-80,72
1,-1,-1
0,-1,-1
-56,65,64
-33,-11,53
0,-1,-1
1,-1,-1
1,-1,-1
30,46,40
1,-1,-1
-43,-3,118
1,-1,-1
0,-1,-1
-29,-63,38
-72,-33,58
-17,-34,109
22,-9,13
51,2,31
0,-1,-1
86,22,97
-24,105,5
1,-1,-1
0,-1,-1
1,-1,-1
1,-1,-1
1,-1,-1
1,-1,-1
0,-1,-1
53,-119,101
-3,-5,14
5,1,4
-2,1,32
-54,-118,34
-84,129,64
-127,8,11
1,-1,-1
-62,-3,87
1,-1,-1
0,-1,-1
60,50,33
0,-1,-1
1,-1,-1
1,-1,-1
89,-36,34
1,-1,-1
-29,-6,80
-80,109,25
0,-1,-1
-39,120,71
1,-1,-1
1,-1,-1
1,-1,-1
71,110,109
131,6,59
1,-1,-1
-3,1,34
1,-1,-1
0,-1,-1
66,15,78
71,-65,49
0,-1,-1
-55,39,32
0,-1,-1
1,-1,-1
1,-1,-1
70,3,33
5,17,4
0,-1,-1
1,-1,-1
71,-25,103
-3,-21,52
-16,-39,5
16,-37,22
-30,-29,27
0,-1,-1
1,-1,-1
1,-1,-1
65,26,31
0,-1,-1
-125,-27,116
1,-1,-1
0,-1,-1
0,-1,-1
1,-1,-1
1,-1,-1
-53,38,80
80,-51,17
1,-1,-1
-4,1,5
-1,38,6
-21,41,11
1,1,6
1,-1,-1
136,-27,26
38,-2,99
1,-1,-1
0,-1,-1
0,-1,-1
1,-1,-1
-37,-103,33
79,-39,25
44,-13,14
0,-1,-1
1,-1,-1
-53,-125,15
-83,40,100
1,-1,-1
47,-92,100
-47,9,23
0,-1,-1
1,-1,-1
1,-1,-1
43,-5,30
11,-27,12
0,-1,-1
-129,32,8
1,-1,-1
0,-1,-1
50,-13,72
-18,107,2
0,-1,-1
1,-1,-1
1,-1,-1
1,-1,-1
-86,28,92
99,26,37
1,-1,-1
0,-1,-1
0,-1,-1
0,-109,48
1,2,58
1,-1,38
-122,-40,52
1,127,12
1,-1,-1
42,-103,39
0,-1,-1
1,-1,-1
48,24,68
0,-1,-1
1,-1,-1
40,7,91
1,-1,-1
0,-1,-1
0,-1,-1
0,-1,-1
77,-58,3
16,24,3
11,-35,114
0,-1,-1
1,-1,-1
-49,58,2
0,-1,-1
-25,151,112
1,-1,-1
48,-37,32
0,-1,-1
1,-1,-1
-67,12,116
2,4,24
1,-1,8
-3,-131,34
-7,-6,15
-89,83,65
0,-17,23
-49,-103,7
-8,38,81
1,-1,-1
0,-1,-1
51,77,30
125,0,19
94,60,32
1,-1,-1
1,-1,-1
42,28,6
0,-1,-1
1,-1,-1
1,-1,-1
-15,20,30
-48,19,37
-39,2,12
1,-1,-1
84,52,46
1,-1,-1
1,-1,-1
1,-1,-1
1,-1,-1
-11,22,15
1,-1,-1
-40,-74,111
0,-1,-1
1,-1,-1
53,34,33
-2,-3,13
-39,48,19
0,-1,-1
130,-17,8
32,-8,68
1,-1,-1
0,-1,-1
120,18,14
14,-135,4
1,-1,-1
1,-1,-1
-182,15,34
1,-1,-1
1,-1,-1
-67,9,30
-38,52,47
-28,-7,32
-48,7,81
0,-1,-1
1,-1,-1
-45,-67,41
1,-1,-1
0,-1,-1
-90,1,9
-26,-58,68
1,-1,-1
0,-1,-1
1,-1,-1
31,-68,7
1,-1,-1
-89,-20,28
1,-1,-1
-18,-56,45
1,-1,-1
1,-1,-1
5,-19,20
1,-1,-1
87,-9,41
-56,50,53
44,-83,30
-1,-2,58
1,-1,-1
0,-1,-1
1,-1,-1
1,-1,-1
-2,-72,94
-57,66,69
4,115,31
1,-1,-1
0,-1,-1
0,-1,-1
1,-1,-1
-60,-112,75
-1,1,17
-106,-24,13
1,-1,-1
67,29,34
-57,76,126
1,-1,-1
0,-1,-1
-66,-115,63
-43,56,36
-12,-17,26
0,-1,-1
1,-1,-1
-46,-38,62
1,-1,-1
1,-1,-1
0,-1,-1
-38,-35,118
31,-7,14
118,-20,34
-34,52,65
1,-1,-1
-51,-56,85
0,-1,-1
1,-1,-1
2,-94,21
78,83,82
1,-1,-1
0,-1,-1
0,-1,-1
-18,-7,16
-1,71,33
0,-1,-1
-71,44,105
1,-1,-1
0,-1,-1
0,-1,-1
1,-1,-1
-1,1,102
28,-4,108
1,-1,-1
0,-1,-1
0,-1,-1
-31,-68,104
-70,33,10
1,-1,-1
63,-1,30
-27,-13,16
81,71,89
1,-1,-1
0,-1,-1
-2,7,87
0,-1,-1
1,-1,-1
32,52,35
69,31,112
63,46,90
-41,182,99
112,74,30
1,-1,-1
0,-1,-1
77,-107,59
1,-1,-1
1,-1,-1
0,-1,-1
-34,-120,72
1,-1,-1
0,-1,-1
0,-1,-1
-59,-15,78
52,-146,16
0,-1,-1
76,114,67
0,-33,72
11,-21,76
1,-1,-1
0,-1,-1
0,-1,-1
-17,38,94
0,-1,-1
1,-1,-1
-14,-69,38
0,-1,-1
-94,-6,34
1,-1,-1
0,-1,-1
-6,148,30
25,47,15
85,-43,108
0,-1,-1
1,-1,-1
76,-9,74
25,128,37
46,47,71
74,-95,56
60,14,39
53,-32,32
-1,0,45
1,-1,-1
0,-1,-1
-76,27,38
1,-1,-1
0,-1,-1
1,-1,-1
0,-1,-1
8,-2,30
61,38,95
1,-1,-1
41,-48,36
19,-69,28
1,-1,-1
0,-1,-1
0,-1,-1
71,-17,9
29,-109,34
1,-1,-1
0,-1,-1
1,-1,-1
0,-1,-1
49,-33,34
1,-1,-1
-9,-23,17
1,-1,-1
0,-1,-1
45,33,41
126,30,30
-3,41,96
-67,-203,23
1,-1,-1
0,-1,-1
1,-1,-1
96,27,32
-162,45,100
-31,21,98
6,5,24
-48,40,70
-3,0,12
1,-1,-1
0,-1,-1
1,-1,-1
-79,29,21
87,29,114
1,-1,-1
0,-1,-1
1,-1,-1
83,-103,60
1,-1,-1
0,-1,-1
-1,2,12
1,-1,-1
0,-1,-1
-18,-5,23
1,-1,-1
42,29,7
-49,-110,36
13,8,7
34,-4,50
1,-1,-1
0,-1,-1
-41,-34,95
0,-1,-1
1,-1,-1
-35,17,101
32,0,23
1,-1,-1
0,-1,-1
1,-1,-1
1,-1,-1
0,-1,-1
2,-11,2
1,-1,-1
-97,57,66
-3,-13,22
-5,7,11
1,-1,-1
4,0,4
4,63,86
1,-1,-1
36,149,15
1,-1,-1
0,-1,-1
97,48,40
1,-1,-1
-44,114,70
0,-1,-1
1,-1,-1
-2,-4,11
72,-120,15
-95,44,41
97,-23,12
0,-1,-1
1,-1,-1
0,-1,-1
1,-1,-1
-23,1,92
14,21,2
0,-1,-1
-48,30,50
1,-1,-1
97,70,44
13,-105,32
-57,44,118
0,-1,-1
0,-1,-1
1,-1,-1
1,-1,-1
1,-1,-1
-24,-32,36
1,-1,-1
0,-1,-1
1,-127,19
-22,-71,2
-74,110,3
0,-1,-1
2,-69,38
-60,-45,75
1,-1,-1
-10,-1,29
0,-1,-1
1,-1,-1
0,-1,-1
17,-130,14
1,0,47
83,80,7
0,-1,-1
-48,10,91
-1,0,32
-17,-4,9
104,108,112
22,9,109
1,-1,-1
-25,162,37
1,-1,-1
0,-1,-1
-106,76,30
-130,-62,44
1,-1,-1
0,-1,-1
1,-1,-1
-128,-1,29
-5,38,86
123,8,26
18,4,57
-1,-5,23
1,-1,-1
1,-1,-1
-51,25,26
0,-1,-1
1,-1,-1
126,1,30
-15,1,23
1,-1,-1
1,-1,-1
62,-24,22
1,-1,-1
1,-1,-1
1,-1,-1
-14,18,57
12,77,38
-23,131,46
-7,7,66
0,-1,-1
1,-1,-1
1,-1,-1
0,-1,-1
2,-61,66
84,38,31
0,-1,-1
1,-1,-1
1,-1,-1
206,39,120
0,-1,-1
-17,83,28
0,-1,-1
1,-1,-1
25,30,34
-25,67,27
-95,-11,1
0,-1,-1
1,-1,-1
1,-1,-1
-89,-15,24
1,-1,-1
123,42,8
1,-1,-1
0,-1,-1
-63,-49,38
0,-1,-1
1,-1,-1
-125,0,17
109,-34,8
10,11,109
-79,121,32
6,86,87
-9,67,39
1,-1,-1
0,-1,-1
0,-1,-1
1,-1,-1
-11,83,41
1,-1,-1
0,-1,-1
-1,126,5
-11,-215,20
-36,35,59
1,-1,-1
37,5,78
1,-1,-1
42,-45,29
0,-1,-1
1,-1,-1
-1,1,19
-11,127,9
-23,99,34
1,-1,-1
70,-52,36
1,-1,-1
-64,1,64
-92,-98,26
1,-1,-1
0,-1,-1
1,-1,-1
55,-98,36
2,41,13
-55,-86,94
-105,39,6
1,-1,-1
0,-1,-1
1,-1,-1
1,-1,-1
62,4,60
35,52,6
1,-1,-1
-64,51,68
0,-1,-1
1,-1,-1
1,-1,-1
83,115,94
-32,59,98
-121,4,3
1,-1,-1
71,-51,64
0,-1,-1
1,-1,-1
1,-1,-1
0,-1,-1
-1,-1,10
15,15,19
-2,-3,19
1,0,8
45,70,30
-136,-88,101
76,43,102
1,-1,-1
1,-1,-1
0,-1,-1
1,-1,-1
0,-1,-1
35,-4,41
-130,-2,83
1,-1,-1
-128,55,1
0,-1,-1
76,65,41
1,-1,-1
1,-1,-1
0,-1,-1
3,2,27
1,-1,-1
-22,19,126
1,-1,-1
0,-1,-1
13,91,35
-18,-26,25
0,-1,-1
1,-55,108
10,18,4
9,-5,24
-71,-115,51
0,-1,-1
1,-1,-1
27,60,3
0,-1,-1
1,-1,-1
2,7,60
39,4,28
1,-1,-1
1,-1,-1
0,-1,-1
1,-1,-1
-2,-73,59
0,-1,-1
1,-1,-1
-69,19,87
34,-7,16
0,-1,-1
-131,-75,12
-1,-1,90
181,-20,27
-87,28,106
61,36,107
-52,-108,85
-88,53,101
1,-1,-1
0,-1,-1
0,-1,-1
0,-1,-1
0,-1,-1
-20,0,95
53,-59,105
71,2,4
1,-1,-1
33,63,18
1,-1,-1
1,-1,-1
106,-10,68
1,-1,-1
-29,60,55
1,-1,-1
0,-1,-1
0,-1,-1
-70,-12,50
0,-1,-1
1,-1,-1
3,33,45
46,9,97
-172,-72,107
4,4,26
32,-26,86
48,148,73
1,-1,-1
1,-1,-1
1,-1,-1
-43,19,8
-56,57,10
0,-1,-1
1,-1,-1
128,-6,20
1,-1,-1
0,-1,-1
58,-57,20
-49,77,30
-128,-115,4
0,-1,-1
1,-1,-1
0,-1,-1
8,5,70
-23,24,111
1,-1,-1
0,-1,-1
0,-1,-1
-41,-88,37
-71,-45,9
-73,10,94
1,-1,-1
0,-1,-1
128,15,13
-54,-26,3
0,-1,-1
1,-1,-1
1,-1,-1
-16,-12,6
-15,92,46
1,-1,-1
0,-1,-1
0,-1,-1
0,-1,-1
-97,-65,22
-46,48,66
75,-48,108
1,-1,-1
0,-1,-1
-50,-34,77
1,-1,-1
-74,-12,92
-52,105,67
1,-1,-1
-17,77,107
1,-1,-1
0,-1,-1
0,-1,-1
61,-37,8
-5,-10,27
1,-1,-1
61,-57,1
1,-1,-1
-40,-43,5
0,-1,-1
-74,129,85
1,-1,-1
4,79,54
0,-1,-1
1,-1,-1
63,-80,65
88,-132,56
-71,-112,78
54,-87,118
122,-10,26
-74,-7,114
1,-1,-1
0,-1,-1
0,-1,-1
1,-1,-1
-13,-15,5
1,-1,-1
66,-87,115
46,6,68
1,-1,-1
0,-1,-1
1,-1,-1
0,-1,-1
-19,28,13
128,-1,44
-56,21,90
22,7,44
30,65,51
1,-1,-1
1,-1,-1
0,-1,-1
1,-1,-1
0,-1,-1
-10,55,98
-14,5,68
1,-1,-1
0,-1,-1
0,-1,-1
-48,13,33
83,-49,113
-135,51,28
57,-18,88
14,6,19
0,-1,-1
12,4,26
-2,-40,8
1,-1,-1
0,-1,-1
-58,124,34
-67,55,48
172,61,97
-78,-17,99
-139,127,51
-31,136,55
1,-1,-1
0,-1,-1
23,-62,56
0,-1,-1
1,-1,-1
0,-1,-1
0,11,93
0,-1,-1
1,-1,-1
1,-1,-1
0,-1,-1
0,-1,-1
33,-30,23
103,131,47
0,-1,-1
125,24,101
1,-1,-1
0,-1,-1
-12,-37,48
0,-1,-1
-108,137,37
0,-1,-1
1,-1,-1
61,22,31
-30,-64,32
0,-1,-1
-198,75,30
0,-1,-1
1,-1,-1
47,12,111
1,-1,-1
0,-1,-1
-15,-54,122
87,63,86
12,98,5
-11,-34,30
0,-1,-1
1,-1,-1
0,-1,-1
-47,59,96
78,-49,99
0,-1,-1
1,-1,-1
-74,-53,121
0,-1,-1
-67,-19,98
0,-1,-1
1,-1,-1
1,-1,-1
-28,-62,39
-17,-6,8
26,65,3
0,-1,-1
18,-67,36
-41,-6,19
78,15,114
2,-15,13
1,-1,-1
3,126,23
141,72,58
-34,115,41
1,-1,-1
-61,-38,120
1,-1,-1
0,-1,-1
0,-1,-1
107,-27,32
12,-37,8
0,-1,-1
88,31,38
-55,-16,34
51,-119,16
0,-1,-1
90,20,116
1,-1,-1
0,-1,-1
37,-89,60
1,-1,-1
-44,-27,18
0,-1,-1
1,-1,-1
1,-1,-1
0,-1,-1
1,-1,-1
51,-17,32
-129,-5,112
128,-3,19
1,-1,-1
-60,20,45
1,-1,-1
0,-1,-1
0,-1,-1
1,-1,-1
-107,-66,40
-56,-24,33
37,25,62
1,-1,-1
0,-1,-1
-64,-102,125
1,-1,-1
0,-1,-1
74,73,7
1,-1,-1
0,-1,-1
-57,90,39
-74,30,39
148,70,5
0,-1,-1
-134,-20,30
1,-1,-1
-1,-12,69
-41,-55,115
1,-1,-1
0,-1,-1
0,-1,-1
-48,64,17
0,-1,-1
-48,-129,91
51,-99,73
0,-1,-1
-41,40,55
68,73,69
-25,15,72
1,-1,-1
0,-1,-1
0,-1,-1
-11,52,90
0,-1,-1
1,-1,-1
1,-1,-1
12,31,37
66,94,96
41,-30,56
6,43,57
1,-1,-1
0,-1,-1
0,-1,-1
25,76,59
-97,-7,24
78,-23,94
0,-1,-1
1,-1,-1
1,-1,-1
0,-1,-1
61,39,15
1,-1,-1
0,-1,-1
-123,22,9
54,-53,42
41,66,45
-26,-43,127
1,-1,-1
0,-1,-1
0,-1,-1
-98,39,35
-28,-19,25
18,12,44
1,-1,-1
0,-1,-1
-27,-26,17
1,-1,-1
-23,-42,17
1,-1,-1
0,-1,-1
-64,-39,39
-28,16,36
1,-1,-1
36,-21,78
1,-1,-1
0,-1,-1
102,-103,106
0,-1,-1
92,9,105
104,-4,25
1,-1,-1
0,-1,-1
0,-1,-1
71,17,41
22,32,42
62,-7,6
0,-1,-1
-46,-57,121
-62,-32,120
1,-1,-1
0,-1,-1
0,-1,-1
-71,-11,97
0,-1,-1
-56,-25,103
1,-1,-1
0,-1,-1
49,47,42
79,-15,42
14,-6,36
1,-1,-1
0,-1,-1
32,-59,6
1,-1,-1
126,127,16
-52,61,82
-10,-7,32
-49,9,64
-9,45,71
0,-1,-1
100,-53,80
1,-1,-1
-20,-74,120
0,-1,-1
1,-1,-1
1,-1,-1
0,-1,-1
0,-1,-1
-53,16,78
0,-1,-1
-43,-63,91
1,-1,-1
0,-1,-1
-163,19,17
-22,-1,10
77,28,22
59,44,93
0,-1,-1
-73,71,120
1,-1,-1
0,-1,-1
123,110,89
0,-1,-1
11,63,100
1,-1,-1
0,-1,-1
97,79,35
1,-1,-1
0,-1,-1
-34,71,36
28,11,84
0,-1,-1
17,36,98
1,-1,-1
0,-1,-1
-18,90,118
0,-1,-1
-30,-14,107
0,-1,-1
1,-1,-1
36,30,66
-163,24,4
-51,-31,114
-17,-31,113
56,24,108
95,-154,121
78,-40,112
62,51,124
0,-1,-1
-45,-90,14
0,-1,-1
1,-1,-1
1,-1,-1
1,-1,-1
110,46,52
1,-1,-1
0,-1,-1
24,-10,23
-62,-10,96
0,-1,-1
1,-1,-1
82,131,117
1,-1,-1
0,-1,-1
-104,54,35
139,92,45
1,-1,-1
-127,-31,59
95,54,43
1,-1,-1
0,-1,-1
-28,5,70
1,-1,-1
0,-1,-1
-29,-58,100
0,-1,-1
1,-1,-1
42,-10,40
51,-15,3
-16,36,105
-36,35,112
-29,-28,45
-99,59,24
0,-1,-1
1,-1,-1
0,-1,-1
67,-49,41
1,-1,-1
0,-1,-1
105,23,39
0,-1,-1
1,-1,-1
45,-48,81
-124,5,7
85,-69,3
-87,55,16
0,-1,-1
-45,-37,21
0,-1,-1
1,-1,-1
-53,-84,26
-22,-45,22
-56,4,75
0,-1,-1
1,-1,-1
108,11,65
-52,-6,29
-29,-38,123
-32,-41,106
120,-123,20
1,-1,-1
-23,-48,30
-59,21,90
1,-1,-1
0,-1,-1
0,-1,-1
0,-1,-1
1,-1,-1
1,-1,-1
1,-1,-1
-127,-3,9
-6,-7,18
-47,48,1
0,-1,-1
26,-5,107
100,96,38
1,-1,-1
58,-6,69
11,-49,125
-2,-1,112
1,-1,-1
0,-1,-1
-3,-10,38
1,-1,-1
0,-1,-1
17,95,26
67,13,119
15,-106,84
0,-1,-1
1,-1,-1
1,-1,-1
1,-1,-1
76,-8,83
1,-1,-1
-20,47,119
0,-1,-1
1,-1,-1
126,-4,6
49,-17,40
-5,-64,34
1,-1,-1
33,-51,119
-5,-3,26
1,-1,-1
96,114,78
1,-1,-1
2,-24,94
1,-1,-1
1,-1,-1
0,-1,-1
33,31,29
0,-1,-1
1,-1,-1
165,44,72
9,1,27
-70,-98,32
-3,-1,20
23,-7,5
-27,62,51
1,-1,-1
0,-1,-1
1,-1,-1
-98,11,94
10,128,23
1,-1,-1
1,-1,-1
0,-1,-1
-47,80,127
1,-1,-1
0,-1,-1
1,-1,-1
0,-1,-1
75,-135,33
-72,-127,71
-27,20,81
-59,-42,28
-2,-73,77
-18,0,78
129,63,81
125,89,60
0,-1,-1
1,-1,-1
-153,18,63
0,-1,-1
1,-1,-1
0,-1,-1
1,-1,-1
4,4,52
2,-35,127
1,-1,-1
-37,0,67
1,-1,-1
0,-1,-1
-140,21,48
0,-1,-1
1,-1,-1
1,-1,-1
22,42,11
1,-1,-1
-20,-52,72
0,-1,-1
145,-9,45
1,-1,-1
0,-1,-1
46,110,40
-97,-30,53
-15,92,21
-63,14,11
1,-1,-1
0,-1,-1
45,8,48
-10,-30,97
-3,-23,85
-69,7,39
1,-1,-1
0,-1,-1
0,-1,-1
-122,80,67
5,98,110
1,-1,-1
1,-1,-1
86,217,67
1,-1,-1
0,-1,-1
0,-1,-1
0,-1,-1
0,-1,-1
-15,57,34
-108,-13,10
-31,5,116
3,27,39
-30,67,40
146,22,6
0,-1,-1
-5,12,26
-58,-6,125
0,-1,-1
1,-1,-1
1,-1,-1
0,-1,-1
0,-1,-1
43,-52,38
1,-1,-1
0,-1,-1
85,188,111
-9,-105,9
3,4,19
1,-1,-1
2,8,67
87,-38,28
1,-1,-1
0,-1,-1
1,-1,-1
58,-89,40
21,60,16
32,11,13
0,-1,-1
1,-1,-1
-18,-32,111
83,28,90
0,-1,-1
1,-1,-1
1,-1,-1
0,-1,-1
-30,10,11
103,-46,2
0,-1,-1
1,-1,-1
-5,-76,88
-12,-50,81
57,47,55
-5,-7,66
-26,-49,53
1,-1,-1
-57,57,124
-232,-125,60
0,-1,-1
1,-1,-1
87,48,98
0,-1,-1
1,-1,-1
1,-1,-1
1,-1,-1
-83,-66,49
1,-1,-1
0,-1,-1
0,-1,-1
-90,-8,8
42,43,40
-111,-110,2
0,-1,-1
-47,-65,99
68,122,60
1,-1,-1
0,-1,-1
0,-1,-1
0,-1,-1
-12,-9,36
85,-6,22
17,63,104
0,-1,-1
1,-1,-1
15,19,11
32,20,36
-1,57,27
0,-1,-1
-38,34,64
28,-97,105
0,-1,-1
1,-1,-1
1,-1,-1
1,-1,-1
-100,28,41
1,-1,-1
0,-1,-1
-28,-47,124
0,-1,-1
46,29,14
1,-1,-1
34,-33,86
0,-1,-1
1,-1,-1
-32,-14,72
50,-104,112
57,-64,98
-37,115,42
1,-1,-1
15,-50,51
0,-1,-1
1,-1,-1
0,-1,-1
1,-1,-1
-65,-38,57
-143,8,50
1,-1,-1
0,-1,-1
0,-1,-1
-21,-6,40
44,25,109
-57,-37,37
-40,78,23
0,-1,-1
-111,99,50
1,-1,-1
0,-1,-1
73,-26,123
0,-1,-1
-2,-33,61
0,-1,-1
1,-1,-1
-69,23,72
45,-30,92
0,-1,-1
1,-1,-1
1,-1,-1
85,45,37
-79,5,36
1,-1,-1
0,-1,-1
-151,101,44
-30,-90,92
0,-1,-1
-22,-125,90
1,-1,-1
0,-1,-1
100,87,32
-89,-128,15
1,-1,-1
0,-1,-1
0,-1,-1
61,41,60
-41,-34,10
0,-1,-1
-64,-84,74
-69,-95,17
0,-1,-1
-65,41,21
0,-1,-1
27,0,42
1,128,12
1,-1,-1
0,-1,-1
-52,-14,99
87,-81,32
1,-1,-1
0,-1,-1
1,-1,-1
124,66,121
0,-1,-1
1,-1,-1
-40,-17,40
-100,24,70
27,4,1
0,-1,-1
-58,70,118
10,49,40
1,-1,-1
0,-1,-1
0,-1,-1
0,-1,-1
0,-1,-1
57,-34,52
9,9,1
-42,-110,1
0,-1,-1
-32,-79,116
7,31,2
-37,-47,122
0,-1,-1
1,-1,-1
13,11,1
37,26,117
-18,146,111
0,-1,-1
-40,160,106
1,-1,-1
0,-1,-1
1,-1,-1
-80,70,54
-66,-4,26
0,-1,-1
10,73,42
-87,-28,127
1,-1,-1
0,-1,-1
104,21,98
0,-1,-1
1,-1,-1
0,-1,-1
11,-23,33
5,-8,37
1,-1,-1
0,-1,-1
-4,125,24
76,48,84
1,-1,-1
0,-1,-1
0,-1,-1
9,8,34
-49,147,21
-5,102,44
9,-100,20
22,-50,104
0,-1,-1
1,-1,-1
-108,3,26
-7,30,22
0,-1,-1
-12,36,23
0,-1,-1
1,-1,-1
-55,-28,44
15,-8,52
-70,67,86
1,-1,-1
29,-87,76
0,-1,-1
-17,19,2
1,-1,-1
-21,-139,8
1,-1,-1
40,1,79
-59,-67,28
1,-1,-1
0,-1,-1
1,-1,-1
-39,0,57
0,-1,-1
1,-1,-1
0,-1,-1
3,19,108
69,-1,88
0,-1,-1
6,37,35
0,-1,-1
1,-1,-1
33,-153,85
1,-1,-1
0,-1,-1
-52,-43,42
52,-19,29
-19,50,23
-51,-55,17
-18,-15,12
74,23,40
13,54,74
1,-1,-1
0,-1,-1
0,-1,-1
0,-1,-1
0,-1,-1
-54,58,45
-7,-2,17
-21,-90,103
20,-98,68
57,2,98
-74,5,101
-20,16,35
-17,-81,63
1,-1,-1
-19,28,102
1,-1,-1
13,81,61
1,-1,-1
0,-1,-1
-41,-11,63
22,-30,16
0,-1,-1
1,-1,-1
1,-1,-1
1,-2,27
-91,131,99
0,-1,-1
1,-1,-1
41,-36,69
0,-1,-1
1,-1,-1
1,-1,-1
33,96,39
15,13,43
0,-1,-1
1,-1,-1
-24,-62,23
0,-1,-1
1,-1,-1
1,-1,-1
-30,-53,24
24,-9,84
0,-1,-1
16,-48,110
0,-1,-1
1,-1,-1
-115,-43,119
12,98,112
57,-100,39
-31,32,115
-98,-32,99
76,23,28
1,-1,-1
-35,-72,30
23,-35,43
0,-1,-1
1,-1,-1
1,-1,-1
0,-1,-1
22,88,36
-82,-49,82
1,-1,-1
0,-1,-1
0,-1,-1
0,-1,-1
-13,-32,49
0,-1,-1
1,-1,-1
1,-1,-1
-14,-50,108
-57,-19,110
0,-1,-1
1,-1,-1
129,-40,108
0,-1,-1
1,-1,-1
-5,-12,11
79,0,20
-114,96,37
55,-20,54
31,-34,96
-65,-48,12
1,-1,-1
0,-1,-1
1,-1,-1
1,-1,-1
-42,93,9
89,3,75
0,-1,-1
1,-1,-1
0,-1,-1
142,32,1
103,56,111
0,-1,-1
1,-1,-1
-48,-11,17
0,-23,37
63,15,54
-63,85,22
0,-1,-1
50,66,62
1,-1,-1
0,-1,-1
1,-1,-1
0,-1,-1
-2,0,28
62,68,60
1,-1,-1
35,53,80
1,-1,-1
100,97,10
1,-1,-1
0,-1,-1
82,10,49
1,-1,-1
-4,109,3
0,-1,-1
-34,57,96
0,-1,-1
1,-1,-1
-74,10,56
112,171,24
0,-1,-1
-66,-32,35
20,-50,75
-125,-15,68
25,24,120
-63,11,26
0,-1,-1
-29,49,127
1,-1,-1
-33,53,126
0,-1,-1
1,-1,-1
0,-1,-1
26,-31,32
1,-1,-1
0,-1,-1
1,-1,-1
27,-4,22
41,-25,108
1,-1,-1
0,-1,-1
-46,180,49
0,-1,-1
1,-1,-1
-3,-6,26
-33,90,8
27,127,66
1,-1,-1
40,-18,104
-35,-127,57
0,-1,-1
1,-1,-1
-63,-28,84
-41,10,26
75,41,29
0,-1,-1
1,-1,-1
1,-1,-1
0,-1,-1
-31,-119,116
31,30,58
11,-71,37
1,-1,-1
0,-1,-1
0,-1,-1
1,-1,-1
103,57,69
0,-42,6
10,12,84
0,-1,-1
1,-1,-1
0,-1,-1
82,-84,85
1,-1,-1
0,-1,-1
55,-55,41
126,-2,13
8,1,11
26,-45,4
-100,-17,14
0,-1,-1
1,-1,-1
1,-1,-1
51,49,50
-92,-24,24
0,-1,-1
-21,46,17
0,-1,-1
115,4,96
70,99,4
58,15,101
0,-1,-1
1,-1,-1
1,-1,-1
0,-1,-1
0,-1,-1
-9,41,106
0,-1,-1
-107,-117,6
1,-1,-1
0,-1,-1
-12,-70,110
0,-1,-1
-95,-91,13
31,-47,88
1,-1,-1
0,-1,-1
-68,-70,33
1,-1,-1
0,-1,-1
6,-51,42
-131,61,1
0,-1,-1
-23,-36,39
6,-157,62
0,-2,16
41,113,3
-135,122,3
0,-1,-1
1,-1,-1
1,0,28
136,76,86
1,-1,-1
82,2,75
1,-1,-1
-62,0,22
1,-1,-1
0,-1,-1
-117,32,63
67,-86,61
0,-1,-1
1,-1,-1
1,-1,-1
-78,109,7
1,-1,-1
-29,89,8
-54,16,120
123,-11,53
17,-68,41
-125,5,10
-19,-56,26
0,-1,-1
-15,29,96
1,-1,-1
0,-1,-1
0,-1,-1
1,-1,-1
0,-1,-1
0,-1,-1
0,-1,-1
-8,-9,111
0,-1,-1
1,-1,-1
-146,2,117
-23,50,37
105,11,25
-103,-12,93
0,-1,-1
1,-1,-1
1,-1,-1
0,-1,-1
1,-1,-1
36,1,14
16,51,100
84,-5,19
0,-1,-1
141,156,41
11,21,27
-42,3,95
0,-1,-1
1,-1,-1
1,-1,-1
0,-1,-1
149,-14,15
83,67,41
1,-1,-1
155,121,10
0,-1,-1
1,-1,-1
-147,91,27
1,-1,-1
0,-1,-1
-18,108,12
-63,3,122
-19,-130,92
102,44,120
0,-1,-1
90,-9,25
0,-1,-1
1,-1,-1
-22,-56,26
1,-1,-1
0,-1,-1
-71,-1,116
1,-1,-1
48,1,113
1,-1,-1
0,-1,-1
5,1,22
-23,-94,65
-35,15,16
0,-1,-1
-17,-29,59
0,-1,-1
1,-1,-1
0,-1,-1
0,-1,-1
80,-67,61
-62,8,106
42,31,88
-54,7,101
-97,-3,54
0,-30,42
19,30,4
0,-1,-1
16,50,39
-20,-29,2
0,-1,-1
31,-70,69
1,-5,61
1,-1,-1
0,-1,-1
-103,-44,115
0,-1,-1
1,-1,-1
0,-1,-1
99,-38,111
0,-1,-1
-66,-26,33
1,-1,-1
0,-1,-1
23,-8,127
0,-1,-1
19,-69,48
1,-1,-1
0,-1,-1
-20,-32,32
-35,-57,41
1,-1,-1
0,-1,-1
0,-1,-1
10,21,35
-114,-11,19
0,-1,-1
-113,55,70
-79,-25,66
-30,62,21
1,-1,-1
-40,-2,27
0,-1,-1
13,92,40
1,-1,-1
0,-1,-1
1,-1,-1
0,-1,-1
0,-1,-1
101,-36,37
4,-76,46
49,30,2
0,-1,-1
127,-4,19
-24,78,84
-48,3,10
29,-27,127
1,-1,-1
0,-1,-1
1,-1,-1
67,-16,103
0,-1,-1
1,-1,-1
0,70,38
-5,79,20
1,-1,-1
25,98,78
0,-1,-1
27,-47,109
0,-1,-1
1,-1,-1
0,-1,-1
0,-1,-1
-21,-31,32
7,-48,37
-3,-40,80
1,-1,-1
0,-1,-1
0,-1,-1
0,-1,-1
45,-37,46
-63,79,67
12,63,51
57,138,110
0,-1,-1
1,-1,-1
0,-1,-1
-41,-18,60
56,-27,124
0,-1,-1
1,-1,-1
0,-1,-1
75,-29,39
17,-47,51
28,-63,120
-101,96,48
-11,-15,21
1,-1,-1
0,-1,-1
0,-1,-1
1,-1,-1
0,-1,-1
54,30,76
16,-27,122
102,-57,3
6,-2,92
0,-1,-1
1,-1,-1
0,-1,-1
119,70,34
55,-170,32
1,-1,-1
-83,-31,24
1,-1,-1
0,-1,-1
0,-1,-1
0,-1,-1
